 15    9318 9.3180E-01-7.3052E-01 1.1434E+01
 20    7036 7.0360E-01-3.7188E+00 2.0444E+01
 25    5982 5.9820E-01-7.0714E+00 2.7648E+01
 25  247605 2.4760E+01 1.9090E+00 2.0461E+01
 25  265483 2.6548E+01-3.9232E+00 2.3985E+01
 30    5307 5.3070E-01-1.0724E+01 3.4302E+01
 30  196614 1.9661E+01 3.4877E+00 2.6576E+01
 30  211227 2.1123E+01-2.4240E+00 2.4655E+01
 30  218982 2.1898E+01 1.0914E+00 2.1178E+01
 30  226315 2.2631E+01-4.0723E+00 2.7471E+01
 30  251223 2.5122E+01 8.2333E+00 3.2211E+01
 35    4822 4.8220E-01-1.4596E+01 4.0599E+01
 35   62555 6.2555E+00 2.2331E-01 1.8773E+01
 35   69942 6.9942E+00-9.8109E+00 3.7111E+01
 35  117790 1.1779E+01 3.0841E+00 2.9103E+01
 35  124717 1.2472E+01-1.7739E+00 2.6236E+01
 35  131308 1.3131E+01 4.6050E+00 3.1535E+01
 35  144536 1.4454E+01-3.3099E+00 2.9508E+01
 35  151659 1.5166E+01 1.2410E+00 2.4631E+01
 35  158297 1.5830E+01-5.9047E+00 3.3217E+01
 35  177713 1.7771E+01 4.1506E+00 3.0873E+01
 35  191229 1.9123E+01-5.2685E+00 3.2428E+01
 35  204855 2.0485E+01 8.5552E-01 2.3129E+01
 35  211606 2.1161E+01-7.0192E+00 3.4472E+01
 35  236920 2.3692E+01 4.1943E+00 3.0939E+01
 35  250388 2.5039E+01-5.0460E+00 3.2137E+01
 35  263701 2.6370E+01 1.7217E+00 2.6094E+01
 35  270292 2.7029E+01-4.7248E+00 3.1702E+01
 35  283507 2.8351E+01 2.8695E+00 2.8699E+01
 35  290314 2.9031E+01-2.2463E+00 2.7398E+01
 35  296943 2.9694E+01 3.5683E+00 2.9950E+01
 40    4454 4.4540E-01-1.8631E+01 4.6618E+01
 40   30927 3.0927E+00 4.5702E+00 3.4806E+01
 40   45871 4.5871E+00-1.3335E+01 4.3391E+01
 40  100182 1.0018E+01 4.4965E+00 3.4696E+01
 40  107520 1.0752E+01-3.9415E-01 2.3123E+01
 40  114129 1.1413E+01 1.1480E+01 4.2022E+01
 40  153108 1.5311E+01-3.8327E+00 3.3651E+01
 40  159493 1.5949E+01 2.2207E+00 3.0461E+01
 40  165548 1.6555E+01-5.6864E+00 3.6334E+01
 40  177738 1.7774E+01 4.2128E+00 3.4263E+01
 40  184413 1.8441E+01-1.3037E+00 2.7822E+01
 40  190548 1.9055E+01 7.9929E+00 3.8939E+01
 40  208452 2.0845E+01-1.6706E+00 2.8998E+01
 40  214531 2.1453E+01 7.0025E+00 3.7893E+01
 40  232846 2.3285E+01-7.4061E+00 3.8331E+01
 40  250680 2.5068E+01 4.6338E+00 3.4899E+01
 40  264441 2.6444E+01-1.1078E+01 4.1704E+01
 40  298615 2.9861E+01 7.5307E-01 2.5487E+01
 45    4161 4.1610E-01-2.2789E+01 5.2406E+01
 45   18694 1.8694E+00 5.1071E+00 3.8923E+01
 45   25014 2.5014E+00-1.3503E+00 3.0987E+01
 45   30760 3.0760E+00 1.0160E+01 4.4488E+01
 45   52752 5.2752E+00-7.7306E+00 4.2139E+01
 45   64431 6.4431E+00 1.5234E+00 3.1583E+01
 45   70144 7.0144E+00-9.6393E+00 4.4022E+01
 45   87036 8.7036E+00 1.3221E+00 3.0882E+01
 45   92789 9.2789E+00-1.0249E+01 4.4566E+01
 45  114655 1.1465E+01 6.9165E+00 4.1235E+01
 45  126011 1.2601E+01-4.4995E+00 3.8021E+01
 45  131938 1.3194E+01 2.8300E+00 3.5008E+01
 45  137578 1.3758E+01-6.3883E+00 4.0609E+01
 45  149048 1.4905E+01 6.5800E+00 4.0840E+01
 45  160453 1.6045E+01-5.7778E+00 3.9838E+01
 45  172464 1.7246E+01 1.0086E+01 4.4423E+01
 45  194592 1.9459E+01-8.5067E+00 4.2940E+01
 45  211447 2.1145E+01 7.4444E+00 4.1829E+01
 45  222900 2.2290E+01-2.6192E+00 3.4543E+01
 45  228535 2.2853E+01 6.8613E+00 4.1172E+01
 45  239894 2.3989E+01-4.7006E+00 3.8328E+01
 45  245910 2.4591E+01 2.3749E+00 3.3975E+01
 45  251547 2.5155E+01-7.4261E+00 4.1810E+01
 45  262993 2.6299E+01 2.6844E+00 3.4688E+01
 45  268628 2.6863E+01-6.7139E+00 4.1000E+01
 45  280005 2.8000E+01 5.2528E+00 3.9129E+01
 45  286543 2.8654E+01-9.0453E-01 2.9132E+01
 45  292424 2.9242E+01 1.1702E+01 4.5775E+01
 50    3920 3.9200E-01-2.7043E+01 5.7992E+01
 50   12578 1.2578E+00 5.4276E+00 4.2745E+01
 50   18229 1.8229E+00-2.8380E+00 3.8231E+01
 50   23523 2.3523E+00 8.4324E+00 4.6360E+01
 50   34245 3.4245E+00-3.7687E+00 4.0095E+01
 50   39570 3.9570E+00 6.3749E+00 4.4012E+01
 50   51921 5.1921E+00-1.6206E+01 5.2583E+01
 50   81218 8.1218E+00 5.7129E+00 4.3141E+01
 50   87012 8.7012E+00-2.1546E+00 3.6559E+01
 50   92337 9.2337E+00 1.0122E+01 4.7997E+01
 50  108032 1.0803E+01-7.0302E+00 4.4810E+01
 50  119010 1.1901E+01 9.4820E+00 4.7401E+01
 50  135460 1.3546E+01-1.2336E+01 4.9863E+01
 50  155799 1.5580E+01 5.2228E+00 4.2451E+01
 50  161376 1.6138E+01-3.2994E+00 3.9203E+01
 50  166676 1.6668E+01 7.3878E+00 4.5226E+01
 50  177474 1.7747E+01-7.7162E+00 4.5592E+01
 50  188186 1.8819E+01 6.3631E+00 4.3995E+01
 50  200657 2.0066E+01-1.6602E+01 5.2830E+01
 50  229851 2.2985E+01 5.5459E+00 4.2911E+01
 50  235555 2.3555E+01-2.5619E+00 3.7594E+01
 50  240855 2.4085E+01 9.0901E+00 4.7023E+01
 50  252030 2.5203E+01-1.2408E+00 3.3570E+01
 50  257497 2.5750E+01 1.2888E+01 5.0288E+01
 50  277995 2.7799E+01-1.9858E+00 3.6085E+01
 50  283335 2.8333E+01 1.0579E+01 4.8405E+01
 50  298920 2.9892E+01-4.6497E+00 4.1585E+01
 55    3719 3.7190E-01-3.1370E+01 6.3401E+01
 55    7718 7.7180E-01 7.3687E-01 3.5207E+01
 55   13167 1.3167E+00-1.7207E+01 5.6882E+01
 55   36547 3.6547E+00 6.1498E+00 4.7133E+01
 55   41894 4.1894E+00-3.3040E+00 4.2465E+01
 55   46904 4.6904E+00 9.4175E+00 5.0865E+01
 55   57036 5.7036E+00-4.9287E+00 4.5369E+01
 55   62134 6.2134E+00 5.9136E+00 4.6817E+01
 55   67410 6.7410E+00-3.8290E+00 4.3498E+01
 55   72429 7.2429E+00 8.2398E+00 4.9648E+01
 55   82714 8.2714E+00-9.5173E+00 5.0961E+01
 55   92857 9.2857E+00 4.5855E+00 4.4818E+01
 55   97920 9.7920E+00-6.6293E+00 4.7762E+01
 55  103489 1.0349E+01 2.1335E+00 3.9644E+01
 55  108553 1.0855E+01-1.2384E+01 5.3497E+01
 55  123336 1.2334E+01 3.9561E+00 4.3727E+01
 55  128359 1.2836E+01-7.9658E+00 4.9347E+01
 55  138778 1.3878E+01 1.0938E+01 5.2280E+01
 55  154124 1.5412E+01-1.2463E+01 5.3559E+01
 55  168928 1.6893E+01 3.6000E+00 4.3054E+01
 55  173940 1.7394E+01-8.7484E+00 5.0188E+01
 55  184092 1.8409E+01 7.3522E+00 4.8641E+01
 55  195330 1.9533E+01-1.6310E+01 5.6316E+01
 55  219002 2.1900E+01 8.5560E+00 4.9984E+01
 55  229191 2.2919E+01-8.1249E+00 4.9520E+01
 55  239525 2.3952E+01 1.0087E+01 5.1507E+01
 55  249856 2.4986E+01-2.5555E+00 4.0759E+01
 55  254887 2.5489E+01 1.1243E+01 5.2548E+01
 55  269917 2.6992E+01-9.9061E+00 5.1336E+01
 55  280157 2.8016E+01 3.2248E+00 4.2293E+01
 55  285167 2.8517E+01-9.6036E+00 5.1047E+01
 55  295325 2.9532E+01 4.2843E+00 4.4310E+01
 60    3547 3.5470E-01-3.5756E+01 6.8649E+01
 60    6382 6.3820E-01 4.7898E+00 5.1187E+01
 60   11367 1.1367E+00-7.0133E+00 5.1688E+01
 60   16500 1.6500E+00 3.4376E+00 4.6008E+01
 60   21270 2.1270E+00-1.1163E+01 5.6048E+01
 60   31034 3.1034E+00 3.5130E+00 4.6155E+01
 60   35803 3.5803E+00-1.0989E+01 5.5892E+01
 60   45515 4.5515E+00 4.1187E+00 4.7332E+01
 60   50287 5.0287E+00-9.6086E+00 5.4583E+01
 60   59988 5.9988E+00 9.0401E+00 5.3999E+01
 60   69862 6.9862E+00-1.1646E+01 5.6470E+01
 60   79951 7.9951E+00 1.6327E+00 4.1157E+01
 60   84865 8.4865E+00-1.6248E+01 5.9943E+01
 60  103148 1.0315E+01 7.8285E+00 5.2666E+01
 60  108803 1.0880E+01-1.2157E+00 3.9493E+01
 60  113808 1.1381E+01 1.7841E+01 6.0957E+01
 60  131986 1.3199E+01-3.2576E+00 4.5615E+01
 60  136760 1.3676E+01 1.1600E+01 5.6432E+01
 60  146795 1.4679E+01-1.8348E+00 4.1854E+01
 60  151677 1.5168E+01 1.5562E+01 5.9480E+01
 60  170280 1.7028E+01-1.1538E+01 5.6376E+01
 60  180253 1.8025E+01 2.1049E+00 4.2701E+01
 60  185101 1.8510E+01-1.4708E+01 5.8881E+01
 60  199572 1.9957E+01 1.4202E+00 4.0351E+01
 60  204527 2.0453E+01-1.7026E+01 6.0449E+01
 60  222696 2.2270E+01 5.1306E+00 4.9047E+01
 60  227516 2.2752E+01-7.4457E+00 5.2220E+01
 60  232833 2.3283E+01 2.3701E+00 4.3469E+01
 60  237654 2.3765E+01-1.3924E+01 5.8304E+01
 60  251698 2.5170E+01 4.8852E+00 4.8655E+01
 60  256502 2.5650E+01-7.9594E+00 5.2823E+01
 60  262455 2.6245E+01 6.6511E-01 3.6416E+01
 60  267671 2.6767E+01-2.0598E+01 6.2541E+01
 60  285359 2.8536E+01 4.4694E+00 4.7957E+01
 60  290142 2.9014E+01-8.8438E+00 5.3797E+01
 65    3397 3.3970E-01-4.0187E+01 7.3753E+01
 65    5865 5.8650E-01 8.0347E+00 6.0240E+01
 65   16240 1.6240E+00-1.9489E+01 6.5641E+01
 65   33562 3.3562E+00 9.5330E+00 5.8032E+01
 65   43284 4.3284E+00-1.5926E+01 6.3388E+01
 65   56708 5.6708E+00 4.5898E+00 5.1508E+01
 65   61273 6.1273E+00-1.0562E+01 5.9058E+01
 65   70570 7.0570E+00 1.0396E+01 5.8893E+01
 65   79903 7.9903E+00-1.1108E+01 5.9565E+01
 65   89130 8.9130E+00 8.3188E+00 5.6716E+01
 65   94253 9.4253E+00-2.4643E+00 4.6919E+01
 65   98877 9.8877E+00 1.5859E+01 6.3343E+01
 65  112294 1.1229E+01-4.8235E+00 5.1911E+01
 65  116863 1.1686E+01 1.0052E+01 5.8563E+01
 65  126299 1.2630E+01-1.2714E+01 6.0964E+01
 65  135751 1.3575E+01 2.8677E+00 4.7956E+01
 65  140346 1.4035E+01-1.4722E+01 6.2532E+01
 65  153826 1.5383E+01 9.2967E+00 5.7786E+01
 65  163795 1.6379E+01-1.8063E+01 6.4786E+01
 65  181492 1.8149E+01 1.2852E+01 6.1078E+01
 65  191031 1.9103E+01-2.3369E+00 4.6547E+01
 65  195666 1.9567E+01 1.6245E+01 6.3608E+01
 65  209162 2.0916E+01-3.4592E+00 4.9318E+01
 65  213731 2.1373E+01 1.3188E+01 6.1354E+01
 65  223853 2.2385E+01-6.6052E-01 3.9263E+01
 65  228880 2.2888E+01 2.3293E+01 6.7670E+01
 65  247757 2.4776E+01-2.5140E+01 6.8545E+01
 65  260170 2.6017E+01 6.3792E+00 5.4285E+01
 65  264837 2.6484E+01-6.7995E+00 5.4864E+01
 65  269556 2.6956E+01 5.9229E+00 5.3649E+01
 65  274184 2.7418E+01-7.7341E+00 5.6041E+01
 65  279084 2.7908E+01 3.9008E+00 5.0241E+01
 65  283646 2.8365E+01-1.2118E+01 6.0465E+01
 65  292914 2.9291E+01 4.9099E+00 5.2056E+01
 65  297486 2.9749E+01-9.8658E+00 5.8377E+01
 70    3267 3.2670E-01-4.4655E+01 7.8725E+01
 70    5500 5.5000E-01 1.1216E+01 6.8234E+01
 70   14691 1.4691E+00-5.5758E+00 5.6514E+01
 70   19086 1.9086E+00 1.0396E+01 6.2453E+01
 70   28481 2.8481E+00-1.8011E+01 6.8445E+01
 70   41306 4.1306E+00 5.1497E+00 5.5826E+01
 70   45690 4.5690E+00-1.1309E+01 6.3328E+01
 70   54678 5.4678E+00 1.2679E+01 6.4536E+01
 70   63522 6.3522E+00-7.6031E+00 5.9345E+01
 70   68070 6.8070E+00 6.2071E+00 5.7483E+01
 70   72494 7.2494E+00-9.0684E+00 6.1073E+01
 70   77388 7.7388E+00 2.8830E+00 5.1250E+01
 70   81815 8.1815E+00-1.6833E+01 6.7675E+01
 70   94670 9.4670E+00 8.6988E+00 6.0649E+01
 70   99430 9.9430E+00-3.8105E+00 5.3370E+01
 70  103817 1.0382E+01 1.4384E+01 6.5917E+01
 70  113108 1.1311E+01-1.8737E+00 4.8244E+01
 70  117635 1.1763E+01 2.0063E+01 6.9688E+01
 70  131877 1.3188E+01-1.2570E-01 3.4762E+01
 70  137359 1.3736E+01 3.2107E+01 7.5157E+01
 70  144865 1.4486E+01-1.0014E+01 6.2062E+01
 70  154775 1.5477E+01 2.2442E+01 7.0992E+01
 70  168078 1.6808E+01-6.2631E-01 4.1891E+01
 70  172956 1.7296E+01 2.6212E+01 7.2807E+01
 70  184990 1.8499E+01-9.7137E+00 6.1751E+01
 70  190538 1.9054E+01 7.3307E-01 4.2728E+01
 70  195360 1.9536E+01-2.5460E+01 7.2467E+01
 70  207423 2.0742E+01 7.4887E+00 5.9201E+01
 70  211957 2.1196E+01-6.4446E+00 5.7823E+01
 70  216396 2.1640E+01 8.5794E+00 6.0525E+01
 70  221126 2.2113E+01-4.0799E+00 5.3914E+01
 70  225507 2.2551E+01 1.3730E+01 6.5406E+01
 70  234468 2.3447E+01-4.2396E+00 5.4205E+01
 70  238847 2.3885E+01 1.3360E+01 6.5108E+01
 70  247738 2.4774E+01-5.4239E+00 5.6274E+01
 70  252128 2.5213E+01 1.0718E+01 6.2769E+01
 70  261321 2.6132E+01-1.5734E+01 6.6912E+01
 70  274439 2.7444E+01 1.3533E+01 6.5244E+01
 70  283356 2.8336E+01-4.8814E+00 5.5372E+01
 70  287736 2.8774E+01 1.1897E+01 6.3863E+01
 70  296621 2.9662E+01-1.0293E+01 6.2342E+01
 75    3149 3.1490E-01-4.9151E+01 8.3576E+01
 75    5212 5.2120E-01 1.4435E+01 7.5747E+01
 75   18071 1.8071E+00-9.8440E+00 6.5425E+01
 75   22769 2.2769E+00 3.2590E+00 5.5441E+01
 75   27027 2.7027E+00-1.7922E+01 7.2080E+01
 75   39505 3.9505E+00 1.2660E+01 6.8122E+01
 75   48103 4.8103E+00-1.2480E+01 6.7964E+01
 75   56734 5.6734E+00 1.3211E+01 6.8594E+01
 75   65269 6.5269E+00-1.0451E+01 6.6053E+01
 75   70359 7.0359E+00 1.4262E+00 4.9617E+01
 75   74821 7.4821E+00-2.4248E+01 7.5662E+01
 75   86719 8.6719E+00 6.5961E+00 6.1459E+01
 75   90973 9.0973E+00-1.0186E+01 6.5797E+01
 75   95838 9.5838E+00 2.2990E+00 5.2837E+01
 75  100169 1.0017E+01-2.0855E+01 7.3865E+01
 75  112388 1.1239E+01 5.9206E+00 6.0458E+01
 75  116617 1.1662E+01-1.1598E+01 6.7177E+01
 75  125516 1.2552E+01 1.7662E+01 7.1906E+01
 75  138060 1.3806E+01-1.3751E+01 6.9040E+01
 75  146573 1.4657E+01 8.6689E+00 6.4122E+01
 75  151003 1.5100E+01-5.9371E+00 6.0506E+01
 75  155234 1.5523E+01 1.1551E+01 6.7133E+01
 75  164157 1.6416E+01-1.7967E+01 7.2106E+01
 75  176625 1.7662E+01 1.2500E+01 6.7982E+01
 75  185251 1.8525E+01-1.3126E+01 6.8522E+01
 75  193794 1.9379E+01 1.0749E+01 6.6350E+01
 75  204013 2.0401E+01-2.9064E+01 7.7820E+01
 75  212923 2.1292E+01 2.5313E-01 4.0343E+01
 75  217973 2.1797E+01-3.2805E+01 7.9240E+01
 75  225276 2.2528E+01 1.0249E+01 6.5848E+01
 75  230178 2.3018E+01-2.1225E+00 5.2272E+01
 75  234530 2.3453E+01 2.1467E+01 7.4209E+01
 75  246721 2.4672E+01-5.3903E+00 5.9611E+01
 75  250940 2.5094E+01 1.2741E+01 6.8202E+01
 75  259527 2.5953E+01-1.2147E+01 6.7668E+01
 75  268230 2.6823E+01 1.4687E+01 6.9782E+01
 75  276787 2.7679E+01-5.8098E+00 6.0286E+01
 75  281013 2.8101E+01 1.1833E+01 6.7394E+01
 75  289814 2.8981E+01-1.6260E+01 7.0947E+01
 80    3045 3.0450E-01-5.3670E+01 8.8314E+01
 80    4974 4.9740E-01 1.7720E+01 8.2968E+01
 80   21244 2.1244E+00-1.2501E+01 7.1581E+01
 80   29877 2.9877E+00 1.9554E+01 7.6812E+01
 80   41977 4.1977E+00-1.5352E+01 7.3936E+01
 80   50191 5.0191E+00 8.2285E+00 6.7096E+01
 80   54360 5.4360E+00-8.7639E+00 6.7768E+01
 80   58572 5.8572E+00 7.6663E+00 6.6407E+01
 80   62706 6.2706E+00-9.8821E+00 6.9027E+01
 80   67063 6.7063E+00 5.3278E+00 6.2931E+01
 80   71137 7.1137E+00-1.4826E+01 7.3540E+01
 80   79353 7.9353E+00 9.7829E+00 6.8899E+01
 80   83691 8.3691E+00-5.5600E+00 6.3322E+01
 80   87765 8.7765E+00 1.4305E+01 7.3127E+01
 80   96009 9.6009E+00-1.1454E+01 7.0608E+01
 80  101131 1.0113E+01 9.9511E-01 5.0434E+01
 80  105573 1.0557E+01-2.8986E+01 8.1595E+01
 80  117689 1.1769E+01 2.4456E+01 7.9529E+01
 80  129276 1.2928E+01-9.9845E+00 6.9116E+01
 80  133648 1.3365E+01 5.1193E+00 6.2570E+01
 80  137723 1.3772E+01-1.5302E+01 7.3907E+01
 80  145937 1.4594E+01 8.3579E+00 6.7255E+01
 80  150114 1.5011E+01-8.5031E+00 6.7457E+01
 80  154305 1.5430E+01 8.1944E+00 6.7079E+01
 80  158471 1.5847E+01-8.8170E+00 6.7830E+01
 80  162689 1.6269E+01 7.5582E+00 6.6265E+01
 80  166818 1.6682E+01-1.0101E+01 6.9261E+01
 80  171215 1.7121E+01 4.8426E+00 6.2072E+01
 80  175291 1.7529E+01-1.5947E+01 7.4390E+01
 80  183537 1.8354E+01 6.5158E+00 6.4784E+01
 80  187625 1.8762E+01-1.2260E+01 7.1378E+01
 80  196389 1.9639E+01 2.1286E+01 7.7839E+01
 80  208230 2.0823E+01-1.1079E+01 7.0242E+01
 80  212953 2.1295E+01 2.3776E+00 5.6291E+01
 80  217148 2.1715E+01-2.2842E+01 7.8698E+01
 80  228857 2.2886E+01 9.6081E+00 6.8707E+01
 80  233167 2.3317E+01-5.9347E+00 6.3928E+01
 80  237245 2.3724E+01 1.3483E+01 7.2450E+01
 80  245587 2.4559E+01-1.4492E+01 7.3267E+01
 80  253818 2.5382E+01 1.0856E+01 7.0019E+01
 80  258429 2.5843E+01-3.0187E+00 5.8117E+01
 80  262571 2.6257E+01 2.0769E+01 7.7543E+01
 80  274468 2.7447E+01-1.2000E+01 7.1124E+01
 80  283462 2.8346E+01 2.3890E+01 7.9244E+01
 80  295090 2.9509E+01-9.6451E+00 6.8748E+01
 80  299406 2.9941E+01 5.8558E+00 6.3803E+01
 85    2952 2.9520E-01-5.8207E+01 9.2949E+01
 85    4770 4.7700E-01 2.1079E+01 8.9984E+01
 85   24246 2.4246E+00-1.7777E+01 7.9354E+01
 85   32250 3.2250E+00 5.9139E+00 6.7285E+01
 85   36193 3.6193E+00-1.5480E+01 7.7698E+01
 85   44166 4.4166E+00 1.2287E+01 7.4983E+01
 85   49031 4.9031E+00-1.3482E+00 5.5444E+01
 85   53264 5.3264E+00 2.9507E+01 8.5621E+01
 85   66473 6.6473E+00-3.7485E+01 8.8496E+01
 85   73734 7.3734E+00 2.2036E+01 8.1999E+01
 85   85387 8.5387E+00-1.6732E+01 7.8619E+01
 85   93329 9.3329E+00 8.6518E+00 7.1121E+01
 85   97351 9.7351E+00-9.7963E+00 7.2482E+01
 85  101463 1.0146E+01 7.4791E+00 6.9644E+01
 85  105435 1.0543E+01-1.2139E+01 7.4866E+01
 85  110150 1.1015E+01 1.8829E+00 5.7776E+01
 85  114290 1.1429E+01-2.7022E+01 8.4534E+01
 85  125636 1.2564E+01 1.7276E+01 7.9007E+01
 85  133599 1.3360E+01-7.2085E+00 6.9235E+01
 85  137561 1.3756E+01 1.2715E+01 7.5396E+01
 85  146572 1.4657E+01-2.8739E+01 8.5296E+01
 85  158244 1.5824E+01 2.3962E+01 8.3040E+01
 85  169682 1.6968E+01-1.4460E+01 7.6875E+01
 85  177773 1.7777E+01 1.5998E+01 7.8079E+01
 85  185721 1.8572E+01-1.0722E+01 7.3446E+01
 85  189949 1.8995E+01 5.5610E+00 6.6739E+01
 85  193894 1.9389E+01-1.6254E+01 7.8282E+01
 85  201836 2.0184E+01 9.9554E+00 7.2629E+01
 85  205962 2.0596E+01-7.1749E+00 6.9224E+01
 85  209925 2.0992E+01 1.2764E+01 7.5440E+01
 85  218848 2.1885E+01-2.7865E+01 8.4914E+01
 85  230274 2.3027E+01 1.9711E+01 8.0620E+01
 85  243229 2.4323E+01-3.1236E+01 8.6318E+01
 85  250502 2.5050E+01 4.9928E+00 6.5695E+01
 85  254450 2.5445E+01-1.7602E+01 7.9243E+01
 85  262438 2.6244E+01 6.3449E+00 6.7967E+01
 85  266384 2.6638E+01-1.4537E+01 7.6953E+01
 85  274462 2.7446E+01 1.5650E+01 7.7816E+01
 85  282424 2.8242E+01-1.1775E+01 7.4498E+01
 85  286921 2.8692E+01 3.0334E+00 6.1431E+01
 85  290945 2.9094E+01-2.2893E+01 8.2475E+01
 90    2866 2.8660E-01-6.2758E+01 9.7486E+01
 90    4594 4.5940E-01 2.4513E+01 9.6841E+01
 90   23115 2.3115E+00-1.7286E+01 8.2692E+01
 90   30814 3.0814E+00 1.1421E+01 7.7730E+01
 90   34905 3.4905E+00-6.0934E+00 7.1052E+01
 90   38732 3.8732E+00 1.6991E+01 8.2494E+01
 90   46443 4.6443E+00-1.2225E+01 7.8519E+01
 90   50683 5.0683E+00 4.2823E+00 6.7711E+01
 90   54540 5.4540E+00-2.1401E+01 8.5373E+01
 90   62868 6.2868E+00 1.2552E+00 5.8014E+01
 90   67015 6.7015E+00-3.2491E+01 9.0629E+01
 90   74003 7.4003E+00 7.3054E+00 7.2844E+01
 90   77839 7.7839E+00-1.4398E+01 8.0480E+01
 90   85979 8.5979E+00 2.2842E+01 8.6191E+01
 90   97709 9.7709E+00-2.4862E+01 8.7266E+01
 90  109066 1.0907E+01 2.0750E+01 8.4977E+01
 90  117032 1.1703E+01-3.0872E+00 6.4810E+01
 90  120946 1.2095E+01 2.4914E+01 8.7296E+01
 90  132297 1.3230E+01-2.0704E+01 8.4949E+01
 90  140250 1.4025E+01 3.1994E+00 6.5110E+01
 90  144157 1.4416E+01-2.4557E+01 8.7113E+01
 90  155542 1.5554E+01 2.0953E+01 8.5100E+01
 90  163577 1.6358E+01-2.5798E+00 6.3340E+01
 90  167531 1.6753E+01 2.6636E+01 8.8141E+01
 90  178819 1.7882E+01-2.1456E+01 8.5399E+01
 90  187203 1.8720E+01 1.0912E+00 5.7072E+01
 90  191393 1.9139E+01-3.3470E+01 9.0994E+01
 90  198283 1.9828E+01 9.2386E+00 7.5348E+01
 90  202183 2.0218E+01-1.0495E+01 7.6801E+01
 90  206172 2.0617E+01 7.9761E+00 7.3806E+01
 90  210025 2.1002E+01-1.2993E+01 7.9260E+01
 90  214579 2.1458E+01 2.1224E+00 6.1859E+01
 90  218583 2.1858E+01-2.8354E+01 8.8930E+01
 90  230102 2.3010E+01 2.6437E+01 8.8044E+01
 90  241388 2.4139E+01-2.1213E+01 8.5255E+01
 90  249550 2.4955E+01 1.8755E+00 6.0877E+01
 90  253585 2.5358E+01-2.9413E+01 8.9390E+01
 90  261741 2.6174E+01 6.2964E-01 5.3616E+01
 90  266100 2.6610E+01-3.6926E+01 9.2183E+01
 90  272957 2.7296E+01 1.7615E+01 8.2926E+01
 90  280649 2.8065E+01-1.0530E+01 7.6804E+01
 90  284638 2.8464E+01 7.9310E+00 7.3747E+01
 90  288489 2.8849E+01-1.3084E+01 7.9343E+01
 90  293117 2.9312E+01 1.7974E+00 6.0609E+01
 90  297164 2.9716E+01-2.9740E+01 8.9529E+01
 95    2789 2.7890E-01-6.7318E+01 1.0193E+02
 95    4438 4.4380E-01 2.8020E+01 1.0357E+02
 95   18539 1.8539E+00-1.0428E+01 8.0251E+01
 95   22360 2.2360E+00 1.0012E+01 7.9832E+01
 95   26160 2.6160E+00-1.0794E+01 8.0694E+01
 95   30007 3.0007E+00 9.2627E+00 7.8955E+01
 95   33774 3.3774E+00-1.2265E+01 8.2190E+01
 95   37763 3.7763E+00 6.2885E+00 7.4817E+01
 95   41485 4.1485E+00-1.8477E+01 8.7231E+01
 95   48960 4.8960E+00 1.2481E+01 8.2361E+01
 95   52976 5.2976E+00-5.8592E+00 7.4103E+01
 95   56699 5.6699E+00 1.9465E+01 8.7893E+01
 95   64157 6.4157E+00-1.0063E+01 7.9843E+01
 95   67957 6.7957E+00 1.0726E+01 8.0621E+01
 95   71800 7.1800E+00-9.3958E+00 7.9114E+01
 95   75573 7.5573E+00 1.2002E+01 8.1934E+01
 95   79529 7.9529E+00-6.8380E+00 7.5680E+01
 95   83249 8.3249E+00 1.7256E+01 8.6368E+01
 95   90802 9.0802E+00-1.6044E+01 8.5433E+01
 95   98534 9.8534E+00 2.0816E+01 8.8740E+01
 95  106020 1.0602E+01-7.2119E+00 7.6181E+01
 95  109742 1.0974E+01 1.6481E+01 8.5792E+01
 95  117391 1.1739E+01-1.8849E+01 8.7469E+01
 95  124855 1.2485E+01 1.1564E+01 8.1455E+01
 95  128762 1.2876E+01-7.7655E+00 7.7024E+01
 95  132491 1.3249E+01 1.5284E+01 8.4856E+01
 95  140452 1.4045E+01-2.5070E+01 9.1140E+01
 95  152498 1.5250E+01 3.4985E+01 9.5382E+01
 95  159197 1.5920E+01-1.2068E+01 8.1961E+01
 95  163157 1.6316E+01 6.7335E+00 7.5521E+01
 95  166878 1.6688E+01-1.7484E+01 8.6533E+01
 95  174411 1.7441E+01 1.5312E+01 8.4852E+01
 95  182364 1.8236E+01-2.4983E+01 9.1096E+01
 95  194478 1.9448E+01 3.5625E+01 9.5605E+01
 95  201158 2.0116E+01-1.3436E+01 8.3250E+01
 95  205379 2.0538E+01 3.6152E+00 6.9536E+01
 95  209168 2.0917E+01-2.5382E+01 9.1305E+01
 95  221035 2.2103E+01 3.3264E+01 9.4755E+01
 95  227848 2.2785E+01-8.7597E+00 7.8285E+01
 95  231597 2.3160E+01 1.3294E+01 8.3154E+01
 95  235782 2.3578E+01-3.9414E+00 7.0314E+01
 95  239554 2.3955E+01 2.4416E+01 9.0804E+01
 95  248044 2.4804E+01-4.1426E-01 5.4085E+01
 95  252433 2.5243E+01 4.1992E+01 9.7567E+01
 95  255445 2.5544E+01-3.5082E+00 7.1271E+01
 95  259293 2.5929E+01 2.4790E+01 9.1000E+01
 95  271599 2.7160E+01-3.7387E+01 9.6195E+01
 95  278298 2.7830E+01 1.7841E+01 8.6771E+01
 95  285805 2.8580E+01-1.4274E+01 8.3986E+01
 95  290775 2.9077E+01 6.2739E-01 5.6594E+01
 95  295035 2.9503E+01-3.9602E+01 9.6884E+01
100    2716 2.7160E-01-7.1886E+01 1.0629E+02
100    4297 4.2970E-01 3.1595E+01 1.1018E+02
100   14654 1.4654E+00-4.9625E+00 7.5800E+01
100   18300 1.8300E+00 2.3693E+01 9.4174E+01
100   25587 2.5587E+00-6.1352E+00 7.7946E+01
100   29212 2.9212E+00 2.0795E+01 9.2466E+01
100   36454 3.6454E+00-1.1111E+01 8.4560E+01
100   40175 4.0175E+00 1.0532E+01 8.3982E+01
100   43869 4.3869E+00-1.1613E+01 8.5140E+01
100   47623 4.7623E+00 9.5190E+00 8.2810E+01
100   51281 5.1281E+00-1.3587E+01 8.7046E+01
100   55239 5.5239E+00 5.4946E+00 7.6890E+01
100   58875 5.8875E+00-2.2300E+01 9.3379E+01
100   66123 6.6123E+00 8.2657E+00 8.1151E+01
100   69753 6.9753E+00-1.6143E+01 8.9203E+01
100   77568 7.7568E+00 2.7657E+01 9.6198E+01
100   84902 8.4902E+00-3.4101E+00 7.2267E+01
100   88612 8.8612E+00 2.8185E+01 9.6450E+01
100   95904 9.5904E+00-3.5394E+00 7.2604E+01
100   99606 9.9606E+00 2.7770E+01 9.6256E+01
100  106934 1.0693E+01-3.4160E+00 7.2283E+01
100  110643 1.1064E+01 2.8166E+01 9.6441E+01
100  117937 1.1794E+01-3.5320E+00 7.2585E+01
100  121640 1.2164E+01 2.7794E+01 9.6267E+01
100  128966 1.2897E+01-3.4209E+00 7.2296E+01
100  132675 1.3267E+01 2.8150E+01 9.6434E+01
100  139970 1.3997E+01-3.5261E+00 7.2570E+01
100  143674 1.4367E+01 2.7813E+01 9.6276E+01
100  150997 1.5100E+01-3.4250E+00 7.2307E+01
100  154707 1.5471E+01 2.8137E+01 9.6427E+01
100  162002 1.6200E+01-3.5211E+00 7.2557E+01
100  165707 1.6571E+01 2.7828E+01 9.6284E+01
100  173029 1.7303E+01-3.4286E+00 7.2316E+01
100  176739 1.7674E+01 2.8125E+01 9.6422E+01
100  184035 1.8403E+01-3.5168E+00 7.2546E+01
100  187741 1.8774E+01 2.7842E+01 9.6290E+01
100  195061 1.9506E+01-3.4318E+00 7.2325E+01
100  198771 1.9877E+01 2.8115E+01 9.6417E+01
100  206068 2.0607E+01-3.5131E+00 7.2536E+01
100  209774 2.0977E+01 2.7854E+01 9.6296E+01
100  217093 2.1709E+01-3.4346E+00 7.2332E+01
100  220803 2.2080E+01 2.8105E+01 9.6413E+01
100  228101 2.2810E+01-3.5098E+00 7.2528E+01
100  231806 2.3181E+01 2.7864E+01 9.6300E+01
100  239126 2.3913E+01-3.4372E+00 7.2339E+01
100  242834 2.4283E+01 2.8097E+01 9.6409E+01
100  250134 2.5013E+01-3.5069E+00 7.2521E+01
100  253839 2.5384E+01 2.7873E+01 9.6305E+01
100  261158 2.6116E+01-3.4395E+00 7.2345E+01
100  264867 2.6487E+01 2.8090E+01 9.6406E+01
100  272167 2.7217E+01-3.5044E+00 7.2514E+01
100  275872 2.7587E+01 2.7882E+01 9.6309E+01
100  283191 2.8319E+01-3.4416E+00 7.2350E+01
100  286899 2.8690E+01 2.8083E+01 9.6403E+01
100  294200 2.9420E+01-3.5020E+00 7.2508E+01
100  297905 2.9790E+01 2.7889E+01 9.6312E+01
105    2651 2.6510E-01-7.6459E+01 1.1058E+02
105    4173 4.1730E-01 3.5235E+01 1.1669E+02
105   14097 1.4097E+00-1.9889E+01 9.5577E+01
105   21238 2.1238E+00 1.7539E+01 9.3915E+01
105   28732 2.8732E+00-2.6805E+01 9.9570E+01
105   35747 3.5747E+00 6.5733E+00 8.2124E+01
105   39281 3.9281E+00-2.1703E+01 9.6761E+01
105   46334 4.6334E+00 1.3142E+01 9.0206E+01
105   50047 5.0047E+00-8.4520E+00 8.4991E+01
105   53585 5.3585E+00 1.7560E+01 9.3965E+01
105   61068 6.1068E+00-2.6545E+01 9.9440E+01
105   68086 6.8086E+00 6.7208E+00 8.2364E+01
105   71619 7.1619E+00-2.1363E+01 9.6551E+01
105   78683 7.8683E+00 1.3854E+01 9.0871E+01
105   82464 8.2464E+00-7.0257E+00 8.2930E+01
105   85998 8.5998E+00 2.0625E+01 9.6084E+01
105   93092 9.3092E+00-1.5548E+01 9.2346E+01
105   97211 9.7211E+00 3.0838E+00 7.4752E+01
105  100864 1.0086E+01-3.1410E+01 1.0168E+02
105  107619 1.0762E+01 7.7214E+00 8.3892E+01
105  111149 1.1115E+01-1.9146E+01 9.5100E+01
105  118354 1.1835E+01 1.9740E+01 9.5477E+01
105  125505 1.2550E+01-1.7966E+01 9.4231E+01
105  132892 1.3289E+01 2.4514E+01 9.8374E+01
105  139917 1.3992E+01-8.6103E+00 8.5125E+01
105  143453 1.4345E+01 1.7281E+01 9.3757E+01
105  151027 1.5103E+01-2.8309E+01 1.0030E+02
105  157997 1.5800E+01 6.1806E+00 8.1466E+01
105  161535 1.6153E+01-2.2626E+01 9.7316E+01
105  168570 1.6857E+01 1.1393E+01 8.8440E+01
105  172179 1.7218E+01-1.1818E+01 8.8950E+01
105  175811 1.7581E+01 1.0960E+01 8.8035E+01
105  179405 1.7940E+01-1.2600E+01 8.9738E+01
105  183082 1.8308E+01 9.4593E+00 8.6289E+01
105  186634 1.8663E+01-1.5521E+01 9.2368E+01
105  190753 1.9075E+01 3.0925E+00 7.4777E+01
105  194407 1.9441E+01-3.1379E+01 1.0167E+02
105  201163 2.0116E+01 7.6928E+00 8.3850E+01
105  204694 2.0469E+01-1.9207E+01 9.5142E+01
105  211892 2.1189E+01 1.9538E+01 9.5340E+01
105  219061 2.1906E+01-1.8567E+01 9.4665E+01
105  226340 2.2634E+01 2.1903E+01 9.6864E+01
105  233388 2.3339E+01-1.2784E+01 8.9860E+01
105  237075 2.3707E+01 9.1516E+00 8.5905E+01
105  240622 2.4062E+01-1.6135E+01 9.2867E+01
105  245341 2.4534E+01 7.2095E-01 6.3472E+01
105  249380 2.4938E+01-4.3980E+01 1.0589E+02
105  252297 2.5230E+01 4.0739E+00 7.9428E+01
105  255944 2.5594E+01-2.7167E+01 9.9757E+01
105  262953 2.6295E+01 6.3883E+00 8.1818E+01
105  266489 2.6649E+01-2.2135E+01 9.7023E+01
105  273532 2.7353E+01 1.2292E+01 8.9373E+01
105  277186 2.7719E+01-1.0099E+01 8.7058E+01
105  280754 2.8075E+01 1.4264E+01 9.1291E+01
105  284590 2.8459E+01-6.1194E+00 8.1446E+01
105  288131 2.8813E+01 2.2727E+01 9.7376E+01
105  295165 2.9516E+01-1.1219E+01 8.8252E+01
105  298766 2.9877E+01 1.2152E+01 8.9292E+01
110    2589 2.5890E-01-8.1035E+01 1.1478E+02
110    4057 4.0570E-01 3.8936E+01 1.2311E+02
110   10422 1.0422E+00-6.1660E+00 8.4891E+01
110   13882 1.3882E+00 2.4599E+01 1.0220E+02
110   20717 2.0717E+00-1.1885E+01 9.2548E+01
110   24233 2.4233E+00 1.2693E+01 9.3448E+01
110   27788 2.7788E+00-1.1112E+01 9.1791E+01
110   31282 3.1282E+00 1.4105E+01 9.4791E+01
110   34926 3.4926E+00-8.4145E+00 8.8469E+01
110   38377 3.8377E+00 1.9474E+01 9.9038E+01
110   45514 4.5514E+00-2.3972E+01 1.0183E+02
110   52361 5.2361E+00 1.2852E+01 9.3535E+01
110   55920 5.5920E+00-1.0868E+01 9.1519E+01
110   59407 5.9407E+00 1.4571E+01 9.5210E+01
110   63094 6.3094E+00-7.4932E+00 8.7142E+01
110   66543 6.6543E+00 2.1462E+01 1.0035E+02
110   73487 7.3487E+00-1.7788E+01 9.7784E+01
110   81151 8.1151E+00 3.4612E+01 1.0678E+02
110   87579 8.7579E+00-1.2535E+01 9.3220E+01
110   91123 9.1123E+00 1.1465E+01 9.2177E+01
110   94628 9.4628E+00-1.3433E+01 9.4166E+01
110   98225 9.8225E+00 9.7099E+00 9.0155E+01
110  101687 1.0169E+01-1.6831E+01 9.7094E+01
110  105910 1.0591E+01 2.0045E+00 7.4272E+01
110  109591 1.0959E+01-3.8088E+01 1.0802E+02
110  115924 1.1592E+01 1.8509E+01 9.8319E+01
110  123267 1.2327E+01-2.8805E+01 1.0433E+02
110  130010 1.3001E+01 8.6945E+00 8.8758E+01
110  133460 1.3346E+01-1.8946E+01 9.8669E+01
110  140690 1.4069E+01 2.6295E+01 1.0309E+02
110  147497 1.4750E+01-9.9903E+00 9.0411E+01
110  150962 1.5096E+01 1.6332E+01 9.6699E+01
110  154947 1.5495E+01-3.5434E+00 7.9367E+01
110  158497 1.5850E+01 3.1963E+01 1.0573E+02
110  165078 1.6508E+01-9.7284E+00 9.0092E+01
110  168539 1.6854E+01 1.6850E+01 9.7109E+01
110  172775 1.7277E+01-1.9338E+00 7.3972E+01
110  176466 1.7647E+01 3.8435E+01 1.0813E+02
110  182800 1.8280E+01-1.9279E+01 9.8868E+01
110  189971 1.8997E+01 2.4892E+01 1.0234E+02
110  196801 1.9680E+01-1.1531E+01 9.2171E+01
110  200305 2.0030E+01 1.3363E+01 9.4100E+01
110  203896 2.0390E+01-9.8434E+00 9.0319E+01
110  207362 2.0736E+01 1.6566E+01 9.6885E+01
110  211434 2.1143E+01-2.8790E+00 7.7436E+01
110  215028 2.1503E+01 3.4343E+01 1.0668E+02
110  221472 2.2147E+01-1.2178E+01 9.2856E+01
110  225000 2.2500E+01 1.2138E+01 9.2887E+01
110  228529 2.2853E+01-1.2159E+01 9.2908E+01
110  232060 2.3206E+01 1.2120E+01 9.2868E+01
110  235588 2.3559E+01-1.2194E+01 9.2944E+01
110  239120 2.3912E+01 1.2054E+01 9.2800E+01
110  242646 2.4265E+01-1.2317E+01 9.3070E+01
110  246183 2.4618E+01 1.1821E+01 9.2556E+01
110  249701 2.4970E+01-1.2758E+01 9.3512E+01
110  253258 2.5326E+01 1.0990E+01 9.1656E+01
110  256749 2.5675E+01-1.4337E+01 9.5002E+01
110  260414 2.6041E+01 7.9582E+00 8.7826E+01
110  263864 2.6386E+01-2.0445E+01 9.9692E+01
110  270884 2.7088E+01 2.0585E+01 9.9753E+01
110  277892 2.7789E+01-2.0246E+01 9.9528E+01
110  284934 2.8493E+01 2.1300E+01 1.0022E+02
110  291887 2.9189E+01-1.8265E+01 9.8139E+01
110  299313 2.9931E+01 3.0420E+01 1.0506E+02
115    2533 2.5330E-01-8.5613E+01 1.1892E+02
115    3952 3.9520E-01 4.2692E+01 1.2944E+02
115    9946 9.9460E-01-1.5483E+01 9.9600E+01
115   13553 1.3553E+00 7.6954E+00 9.0957E+01
115   16926 1.6926E+00-2.2876E+01 1.0496E+02
115   23700 2.3700E+00 1.8737E+01 1.0218E+02
115   31247 3.1247E+00-3.7240E+01 1.1159E+02
115   37497 3.7497E+00 1.7313E+01 1.0110E+02
115   41396 4.1396E+00-3.6545E+00 8.3018E+01
115   44871 4.4871E+00 3.3699E+01 1.1027E+02
115   51250 5.1250E+00-1.2717E+01 9.7009E+01
115   54692 5.4692E+00 1.2926E+01 9.7304E+01
115   58147 5.8147E+00-1.2471E+01 9.6843E+01
115   61585 6.1585E+00 1.3320E+01 9.7691E+01
115   65056 6.5056E+00-1.1739E+01 9.6074E+01
115   68472 6.8472E+00 1.4694E+01 9.8972E+01
115   72019 7.2019E+00-9.1608E+00 9.3014E+01
115   75394 7.5394E+00 1.9745E+01 1.0294E+02
115   82528 8.2528E+00-2.9228E+01 1.0833E+02
115   89098 8.9098E+00 1.1191E+01 9.5378E+01
115   92497 9.2497E+00-1.5800E+01 9.9932E+01
115   96141 9.6141E+00 6.9948E+00 8.9863E+01
115   99520 9.9520E+00-2.4474E+01 1.0589E+02
115  106223 1.0622E+01 1.5645E+01 9.9734E+01
115  109845 1.0984E+01-7.3792E+00 9.0474E+01
115  113220 1.1322E+01 2.3588E+01 1.0539E+02
115  119958 1.1996E+01-1.7242E+01 1.0104E+02
115  123837 1.2384E+01 3.8415E+00 8.3509E+01
115  127303 1.2730E+01-3.3074E+01 1.1002E+02
115  133711 1.3371E+01 1.2197E+01 9.6472E+01
115  137136 1.3714E+01-1.3898E+01 9.8243E+01
115  140635 1.4063E+01 1.0660E+01 9.4866E+01
115  144027 1.4403E+01-1.6756E+01 1.0072E+02
115  147806 1.4781E+01 4.9416E+00 8.6074E+01
115  151227 1.5123E+01-2.9727E+01 1.0857E+02
115  157781 1.5778E+01 1.1071E+01 9.5242E+01
115  161177 1.6118E+01-1.6029E+01 1.0012E+02
115  164847 1.6485E+01 6.5238E+00 8.9079E+01
115  168232 1.6823E+01-2.5596E+01 1.0651E+02
115  174901 1.7490E+01 1.3991E+01 9.8252E+01
115  178401 1.7840E+01-1.0554E+01 9.4743E+01
115  181792 1.8179E+01 1.6961E+01 1.0088E+02
115  185611 1.8561E+01-4.4567E+00 8.5004E+01
115  189049 1.8905E+01 3.1141E+01 1.0920E+02
115  195547 1.9555E+01-1.1186E+01 9.5373E+01
115  198946 1.9895E+01 1.5808E+01 9.9940E+01
115  202590 2.0259E+01-6.9771E+00 8.9834E+01
115  205969 2.0597E+01 2.4516E+01 1.0592E+02
115  212672 2.1267E+01-1.5576E+01 9.9676E+01
115  216286 2.1629E+01 7.5151E+00 9.0683E+01
115  219661 2.1966E+01-2.3280E+01 1.0520E+02
115  226414 2.2641E+01 1.7864E+01 1.0153E+02
115  230567 2.3057E+01-1.9600E+00 7.7312E+01
115  234185 2.3418E+01 4.0612E+01 1.1270E+02
115  240476 2.4048E+01-2.4852E+01 1.0608E+02
115  247167 2.4717E+01 1.5095E+01 9.9257E+01
115  250740 2.5074E+01-8.4583E+00 9.2063E+01
115  254112 2.5411E+01 2.1214E+01 1.0392E+02
115  261014 2.6101E+01-2.3207E+01 1.0513E+02
115  267771 2.6777E+01 1.8088E+01 1.0170E+02
115  272215 2.7221E+01-9.3907E-01 7.1444E+01
115  276028 2.7603E+01 4.7151E+01 1.1451E+02
115  278667 2.7867E+01-6.5879E+00 9.1811E+01
115  282116 2.8212E+01 2.3992E+01 1.0562E+02
115  288837 2.8884E+01-1.6486E+01 1.0044E+02
115  292562 2.9256E+01 5.6256E+00 8.7453E+01
115  295963 2.9596E+01-2.7862E+01 1.0768E+02
120    2480 2.4800E-01-9.0191E+01 1.2298E+02
120    3857 3.8570E-01 4.6501E+01 1.3570E+02
120    9878 9.8780E-01-2.6836E+01 1.1093E+02
120   16394 1.6394E+00 1.5908E+01 1.0362E+02
120   19889 1.9889E+00-8.8053E+00 9.6087E+01
120   23188 2.3188E+00 2.2301E+01 1.0836E+02
120   29955 2.9955E+00-2.4927E+01 1.0989E+02
120   36542 3.6542E+00 1.8739E+01 1.0587E+02
120   40536 4.0536E+00-2.4343E+00 8.2489E+01
120   44037 4.4037E+00 4.0610E+01 1.1658E+02
120   50214 5.0214E+00-2.4817E+01 1.0983E+02
120   56807 5.6807E+00 1.8937E+01 1.0602E+02
120   60941 6.0941E+00-1.7126E+00 7.9380E+01
120   64528 6.4528E+00 4.4265E+01 1.1766E+02
120   71536 7.1536E+00-4.4776E+01 1.1780E+02
120   74979 7.4979E+00 1.2126E+00 7.7873E+01
120   78678 7.8678E+00-4.6896E+01 1.1836E+02
120   81431 8.1431E+00 5.3655E+00 9.2657E+01
120   84822 8.4822E+00-2.9324E+01 1.1219E+02
120   91264 9.1264E+00 1.3839E+01 1.0174E+02
120   94648 9.4648E+00-1.2638E+01 1.0064E+02
120   97997 9.7997E+00 1.4774E+01 1.0270E+02
120  101428 1.0143E+01-1.0844E+01 9.8668E+01
120  104742 1.0474E+01 1.8174E+01 1.0551E+02
120  108544 1.0854E+01-3.9351E+00 8.7124E+01
120  111942 1.1194E+01 3.4848E+01 1.1456E+02
120  118182 1.1818E+01-1.5270E+01 1.0306E+02
120  121634 1.2163E+01 1.0002E+01 9.7654E+01
120  124939 1.2494E+01-1.9834E+01 1.0672E+02
120  132272 1.3227E+01 3.7959E+01 1.1570E+02
120  138428 1.3843E+01-1.9300E+01 1.0629E+02
120  146489 1.4649E+01 4.9044E+01 1.1888E+02
120  148997 1.4900E+01-8.1843E+00 9.8184E+01
120  152376 1.5238E+01 2.1873E+01 1.0808E+02
120  159191 1.5919E+01-2.6385E+01 1.1069E+02
120  165722 1.6572E+01 1.6477E+01 1.0410E+02
120  169263 1.6926E+01-7.7077E+00 9.4494E+01
120  172567 1.7257E+01 2.4706E+01 1.0979E+02
120  179165 1.7916E+01-1.9067E+01 1.0612E+02
120  183468 1.8347E+01 1.1110E+00 7.5836E+01
120  187168 1.8717E+01-4.8247E+01 1.1869E+02
120  189753 1.8975E+01 7.1984E+00 9.6412E+01
120  193127 1.9313E+01-2.4330E+01 1.0957E+02
120  199743 1.9974E+01 1.9809E+01 1.0665E+02
120  207114 2.0711E+01-3.8681E+01 1.1594E+02
120  213264 2.1326E+01 2.0573E+01 1.0718E+02
120  220322 2.2032E+01-3.2492E+01 1.1360E+02
120  226652 2.2665E+01 1.3738E+01 1.0164E+02
120  230032 2.3003E+01-1.2823E+01 1.0083E+02
120  233387 2.3339E+01 1.4432E+01 1.0239E+02
120  236801 2.3680E+01-1.1474E+01 9.9387E+01
120  240124 2.4012E+01 1.6962E+01 1.0457E+02
120  243723 2.4372E+01-6.6543E+00 9.2787E+01
120  247038 2.4704E+01 2.7185E+01 1.1113E+02
120  253543 2.5354E+01-1.5467E+01 1.0323E+02
120  257008 2.5701E+01 9.6360E+00 9.7191E+01
120  260311 2.6031E+01-2.0574E+01 1.0723E+02
120  267360 2.6736E+01 3.2248E+01 1.1349E+02
120  273699 2.7370E+01-1.3655E+01 1.0156E+02
120  277077 2.7708E+01 1.2975E+01 1.0098E+02
120  280436 2.8044E+01-1.4150E+01 1.0212E+02
120  283838 2.8384E+01 1.1991E+01 9.9954E+01
120  287171 2.8717E+01-1.5984E+01 1.0376E+02
120  290677 2.9068E+01 8.5813E+00 9.5774E+01
120  293978 2.9398E+01-2.2780E+01 1.0865E+02
125    2430 2.4300E-01-9.4767E+01 1.2699E+02
125    3767 3.7670E-01 5.0359E+01 1.4188E+02
125    6656 6.6560E-01-2.5131E+00 8.9975E+01
125   10157 1.0157E+00 4.0630E+01 1.2046E+02
125   16240 1.6240E+00-2.5243E+01 1.1383E+02
125   22741 2.2741E+00 2.2202E+01 1.1199E+02
125   29548 2.9548E+00-3.1413E+01 1.1695E+02
125   35818 3.5818E+00 1.5938E+01 1.0730E+02
125   39194 3.9194E+00-1.0605E+01 1.0198E+02
125   42431 4.2431E+00 2.0408E+01 1.1085E+02
125   50058 5.0058E+00-4.7230E+01 1.2235E+02
125   52848 5.2848E+00 4.9759E+00 9.5137E+01
125   56184 5.6184E+00-3.2500E+01 1.1744E+02
125   62419 6.2419E+00 1.5913E+01 1.0728E+02
125   65792 6.5792E+00-1.0651E+01 1.0203E+02
125   69030 6.9030E+00 2.0317E+01 1.1078E+02
125   76850 7.6850E+00-5.0034E+01 1.2303E+02
125   79322 7.9322E+00 8.6888E+00 1.0251E+02
125   82632 8.2632E+00-2.2516E+01 1.1223E+02
125   89382 8.9382E+00 2.9874E+01 1.1624E+02
125   95702 9.5702E+00-1.6463E+01 1.0775E+02
125   99107 9.9107E+00 9.6428E+00 1.0077E+02
125  102340 1.0234E+01-2.2352E+01 1.1214E+02
125  109115 1.0911E+01 3.0531E+01 1.1654E+02
125  115414 1.1541E+01-1.6162E+01 1.0749E+02
125  118800 1.1880E+01 1.0197E+01 1.0148E+02
125  122036 1.2204E+01-2.1222E+01 1.1140E+02
125  129081 1.2908E+01 3.6865E+01 1.1916E+02
125  135181 1.3518E+01-1.8869E+01 1.0967E+02
125  138838 1.3884E+01 4.8321E+00 9.2685E+01
125  142137 1.4214E+01-3.4056E+01 1.1809E+02
125  148320 1.4832E+01 1.6439E+01 1.0773E+02
125  151724 1.5172E+01-9.6860E+00 1.0082E+02
125  154956 1.5496E+01 2.2263E+01 1.1208E+02
125  161747 1.6175E+01-3.0919E+01 1.1672E+02
125  168033 1.6803E+01 1.6038E+01 1.0739E+02
125  171413 1.7141E+01-1.0423E+01 1.0176E+02
125  174650 1.7465E+01 2.0769E+01 1.1109E+02
125  181913 1.8191E+01-4.1141E+01 1.2062E+02
125  188011 1.8801E+01 2.6492E+01 1.1452E+02
125  194450 1.9445E+01-1.9961E+01 1.1047E+02
125  198509 1.9851E+01 1.7404E+00 8.2737E+01
125  202031 2.0203E+01-4.6434E+01 1.2215E+02
125  204976 2.0498E+01 3.6522E+00 9.1588E+01
125  208362 2.0836E+01-3.6980E+01 1.1921E+02
125  214460 2.1446E+01 1.8995E+01 1.0976E+02
125  218140 2.1814E+01-4.5390E+00 9.2011E+01
125  221451 2.2145E+01 3.4954E+01 1.1844E+02
125  227604 2.2760E+01-1.7011E+01 1.0821E+02
125  231047 2.3105E+01 8.6210E+00 9.9376E+01
125  234280 2.3428E+01-2.4516E+01 1.1345E+02
125  240826 2.4083E+01 2.3698E+01 1.1292E+02
125  247440 2.4744E+01-2.5977E+01 1.1424E+02
125  253903 2.5390E+01 2.0817E+01 1.1107E+02
125  261163 2.6116E+01-4.1146E+01 1.2062E+02
125  267262 2.6726E+01 2.6506E+01 1.1453E+02
125  273700 2.7370E+01-1.9939E+01 1.1045E+02
125  277740 2.7774E+01 1.8262E+00 8.3160E+01
125  281250 2.8125E+01-4.5941E+01 1.2202E+02
125  284341 2.8434E+01 2.6761E+00 8.8315E+01
125  287789 2.8779E+01-4.0954E+01 1.2057E+02
125  293881 2.9388E+01 2.6018E+01 1.1426E+02
130    2384 2.3840E-01-9.9342E+01 1.3093E+02
130    3686 3.6860E-01 5.4262E+01 1.4800E+02
130    6003 6.0030E-01-7.7416E+00 1.0787E+02
130    9325 9.3250E-01 2.4683E+01 1.1730E+02
130   15834 1.5834E+00-2.8140E+01 1.1917E+02
130   22132 2.2132E+00 2.1327E+01 1.1514E+02
130   30227 3.0227E+00-5.7927E+01 1.2854E+02
130   32284 3.2284E+00 1.6521E+01 1.1690E+02
130   35998 3.5998E+00-5.4606E+00 9.7433E+01
130   39220 3.9220E+00 3.4228E+01 1.2199E+02
130   45319 4.5319E+00-1.8609E+01 1.1317E+02
130   48751 4.8751E+00 7.5270E+00 1.0125E+02
130   51933 5.1933E+00-2.8842E+01 1.1956E+02
130   58204 5.8204E+00 2.0407E+01 1.1450E+02
130   61912 6.1912E+00-3.6350E+00 9.3065E+01
130   65209 6.5209E+00 4.0065E+01 1.2415E+02
130   71205 7.1205E+00-2.4863E+01 1.1737E+02
130   77699 7.7699E+00 2.7749E+01 1.1897E+02
130   84015 8.4015E+00-2.1863E+01 1.1550E+02
130   91165 9.1165E+00 4.3480E+01 1.2522E+02
130   97321 9.7321E+00-3.4091E+01 1.2192E+02
130  103424 1.0342E+01 1.8596E+01 1.1316E+02
130  106855 1.0685E+01-7.5519E+00 1.0129E+02
130  110038 1.1004E+01 2.8782E+01 1.1953E+02
130  116311 1.1631E+01-2.0471E+01 1.1454E+02
130  120036 1.2004E+01 3.4649E+00 9.2570E+01
130  123344 1.2334E+01-4.0699E+01 1.2436E+02
130  129347 1.2935E+01 2.6113E+01 1.1809E+02
130  135748 1.3575E+01-2.4719E+01 1.1729E+02
130  142255 1.4225E+01 2.8166E+01 1.1919E+02
130  148552 1.4855E+01-2.1292E+01 1.1511E+02
130  157110 1.5711E+01 6.3246E+01 1.2936E+02
130  158983 1.5898E+01-2.1620E+01 1.2252E+02
130  165563 1.6556E+01 1.8011E+01 1.1270E+02
130  168947 1.6895E+01-8.6595E+00 1.0298E+02
130  172119 1.7212E+01 2.6250E+01 1.1821E+02
130  178510 1.7851E+01-2.4317E+01 1.1705E+02
130  185058 1.8506E+01 2.9406E+01 1.1981E+02
130  191309 1.9131E+01-1.9922E+01 1.1415E+02
130  194908 1.9491E+01 4.8136E+00 9.6073E+01
130  198152 1.9815E+01-3.6117E+01 1.2274E+02
130  204198 2.0420E+01 1.9712E+01 1.1400E+02
130  207761 2.0776E+01-5.2813E+00 9.7107E+01
130  210990 2.1099E+01 3.4716E+01 1.2219E+02
130  217074 2.1707E+01-1.8813E+01 1.1332E+02
130  220526 2.2053E+01 7.1320E+00 1.0060E+02
130  223713 2.2371E+01-2.9795E+01 1.2003E+02
130  229950 2.2995E+01 1.9518E+01 1.1385E+02
130  233484 2.3348E+01-5.7003E+00 9.7974E+01
130  236701 2.3670E+01 3.3523E+01 1.2170E+02
130  242820 2.4282E+01-1.8419E+01 1.1302E+02
130  246236 2.4624E+01 7.8919E+00 1.0183E+02
130  249414 2.4941E+01-2.7985E+01 1.1913E+02
130  255719 2.5572E+01 2.1441E+01 1.1521E+02
130  263358 2.6336E+01-5.1704E+01 1.2733E+02
130  265744 2.6574E+01 1.0020E+01 1.0816E+02
130  269000 2.6900E+01-2.1211E+01 1.1512E+02
130  273583 2.7358E+01 3.4775E-01 7.3418E+01
130  277474 2.7747E+01-6.2323E+01 1.2923E+02
130  279376 2.7938E+01 2.0751E+01 1.2161E+02
130  285991 2.8599E+01-2.1652E+01 1.1536E+02
130  293313 2.9331E+01 4.6587E+01 1.2609E+02
130  296364 2.9636E+01-2.8616E+00 9.2288E+01
130  299739 2.9974E+01 4.2315E+01 1.2487E+02
135    2340 2.3400E-01-1.0391E+02 1.3481E+02
135    3608 3.6080E-01 5.8207E+01 1.5404E+02
135    5690 5.6900E-01-1.1622E+01 1.1854E+02
135    9050 9.0500E-01 1.6255E+01 1.1499E+02
135   12248 1.2248E+00-1.3521E+01 1.1245E+02
135   15385 1.5385E+00 1.8351E+01 1.1677E+02
135   18677 1.8677E+00-9.7986E+00 1.0812E+02
135   21787 2.1787E+00 2.5595E+01 1.2162E+02
135   28210 2.8210E+00-3.0721E+01 1.2425E+02
135   34346 3.4346E+00 2.2104E+01 1.1939E+02
135   38285 3.8285E+00-1.7002E+00 8.8985E+01
135   41703 4.1703E+00 5.1313E+01 1.3117E+02
135   44156 4.4156E+00-9.0015E+00 1.1000E+02
135   47335 4.7335E+00 2.5462E+01 1.2153E+02
135   53772 5.3772E+00-3.1156E+01 1.2446E+02
135   59894 5.9894E+00 2.1787E+01 1.1918E+02
135   63646 6.3646E+00-2.7802E+00 9.3682E+01
135   66948 6.6948E+00 4.5650E+01 1.2974E+02
135   73458 7.3458E+00-4.6730E+01 1.3003E+02
135   76654 7.6654E+00 2.0031E+00 9.1942E+01
135   80052 8.0052E+00-4.8835E+01 1.3058E+02
135   82754 8.2754E+00 5.8005E+00 1.0386E+02
135   85954 8.5954E+00-3.3963E+01 1.2572E+02
135   91990 9.1990E+00 2.0930E+01 1.1858E+02
135   95522 9.5522E+00-4.9393E+00 9.9799E+01
135   98709 9.8709E+00 3.7724E+01 1.2720E+02
135  104655 1.0465E+01-2.2964E+01 1.1995E+02
135  111685 1.1168E+01 4.5494E+01 1.2969E+02
135  118119 1.1812E+01-4.5117E+01 1.2959E+02
135  124420 1.2442E+01 4.2038E+01 1.2867E+02
135  130381 1.3038E+01-3.0019E+01 1.2391E+02
135  136543 1.3654E+01 2.2726E+01 1.1980E+02
135  143760 1.4376E+01-4.9035E+01 1.3063E+02
135  146437 1.4644E+01 6.0866E+00 1.0448E+02
135  149632 1.4963E+01-3.3123E+01 1.2536E+02
135  155692 1.5569E+01 2.0951E+01 1.1860E+02
135  159227 1.5923E+01-4.8925E+00 9.9692E+01
135  162415 1.6241E+01 3.7870E+01 1.2725E+02
135  168360 1.6836E+01-2.3113E+01 1.2005E+02
135  175308 1.7531E+01 4.3837E+01 1.2922E+02
135  181385 1.8138E+01-3.5500E+01 1.2634E+02
135  187380 1.8738E+01 2.1380E+01 1.1890E+02
135  191003 1.9100E+01-3.8824E+00 9.7147E+01
135  194235 1.9423E+01 4.1245E+01 1.2842E+02
135  200175 2.0017E+01-2.8222E+01 1.2301E+02
135  206415 2.0641E+01 2.5045E+01 1.2124E+02
135  212905 2.1290E+01-3.2760E+01 1.2518E+02
135  218976 2.1898E+01 2.1071E+01 1.1868E+02
135  222533 2.2253E+01-4.6207E+00 9.9051E+01
135  225732 2.2573E+01 3.8731E+01 1.2756E+02
135  231665 2.3166E+01-2.4104E+01 1.2067E+02
135  238306 2.3831E+01 3.6808E+01 1.2684E+02
135  244270 2.4427E+01-2.2183E+01 1.1944E+02
135  248293 2.4829E+01 1.3565E+00 8.6972E+01
135  251765 2.5176E+01-5.3643E+01 1.3167E+02
135  254060 2.5406E+01 1.1640E+01 1.1410E+02
135  257277 2.5728E+01-1.9321E+01 1.1749E+02
135  260634 2.6063E+01 8.0499E+00 1.0561E+02
135  263755 2.6375E+01-2.9458E+01 1.2367E+02
135  269940 2.6994E+01 2.3237E+01 1.2013E+02
135  276831 2.7683E+01-4.2653E+01 1.2886E+02
135  282818 2.8282E+01 3.1622E+01 1.2467E+02
135  288926 2.8893E+01-2.1505E+01 1.1898E+02
135  292581 2.9258E+01 3.5666E+00 9.6244E+01
135  295830 2.9583E+01-4.2413E+01 1.2879E+02
140    2298 2.2980E-01-1.0848E+02 1.3864E+02
140    3536 3.5360E-01 6.2192E+01 1.6003E+02
140    5458 5.4580E-01-1.5148E+01 1.2766E+02
140    9025 9.0250E-01 8.2533E+00 1.0939E+02
140   12089 1.2089E+00-3.0868E+01 1.2817E+02
140   18166 1.8166E+00 2.5306E+01 1.2516E+02
140   24694 2.4694E+00-3.8561E+01 1.3135E+02
140   30570 3.0570E+00 2.5694E+01 1.2539E+02
140   37031 3.7031E+00-3.6767E+01 1.3068E+02
140   42937 4.2937E+00 2.4274E+01 1.2453E+02
140   49763 4.9763E+00-4.5609E+01 1.3363E+02
140   56014 5.6014E+00 4.4445E+01 1.3329E+02
140   62052 6.2052E+00-3.8189E+01 1.3122E+02
140   67934 6.7934E+00 2.5330E+01 1.2517E+02
140   74457 7.4457E+00-3.8435E+01 1.3131E+02
140   80336 8.0336E+00 2.5568E+01 1.2531E+02
140   86817 8.6817E+00-3.7318E+01 1.3089E+02
140   92712 9.2712E+00 2.4624E+01 1.2475E+02
140   99407 9.9407E+00-4.2653E+01 1.3274E+02
140  105317 1.0532E+01 3.2506E+01 1.2889E+02
140  111336 1.1134E+01-2.4158E+01 1.2446E+02
140  118220 1.1822E+01 4.6835E+01 1.3397E+02
140  121740 1.2174E+01-8.3573E-01 8.7179E+01
140  125299 1.2530E+01 6.0153E+01 1.3682E+02
140  127314 1.2731E+01-1.7870E+01 1.2560E+02
140  130865 1.3086E+01 6.2802E+00 1.0601E+02
140  133963 1.3396E+01-3.5819E+01 1.3033E+02
140  139889 1.3989E+01 2.3796E+01 1.2423E+02
140  147048 1.4705E+01-5.2212E+01 1.3530E+02
140  149468 1.4947E+01 9.5318E+00 1.1437E+02
140  152591 1.5259E+01-2.6020E+01 1.2563E+02
140  158997 1.5900E+01 3.5205E+01 1.3006E+02
140  164940 1.6494E+01-2.3696E+01 1.2417E+02
140  172234 1.7223E+01 5.4598E+01 1.3581E+02
140  174500 1.7450E+01-1.2197E+01 1.1842E+02
140  177661 1.7766E+01 1.9874E+01 1.2163E+02
140  180931 1.8093E+01-8.9508E+00 1.1052E+02
140  183991 1.8399E+01 2.9220E+01 1.2736E+02
140  190141 1.9014E+01-2.7405E+01 1.2635E+02
140  196412 1.9641E+01 3.1213E+01 1.2829E+02
140  202477 2.0248E+01-2.5088E+01 1.2503E+02
140  209049 2.0905E+01 3.9707E+01 1.3176E+02
140  214917 2.1492E+01-2.7045E+01 1.2616E+02
140  221218 2.2122E+01 3.2158E+01 1.2873E+02
140  227249 2.2725E+01-2.4364E+01 1.2458E+02
140  234036 2.3404E+01 4.4773E+01 1.3339E+02
140  240117 2.4012E+01-3.9624E+01 1.3173E+02
140  245986 2.4599E+01 2.6934E+01 1.2609E+02
140  252296 2.5230E+01-3.2469E+01 1.2888E+02
140  258317 2.5832E+01 2.4181E+01 1.2447E+02
140  265188 2.6519E+01-4.6580E+01 1.3390E+02
140  272148 2.7215E+01 5.8213E+01 1.3649E+02
140  274238 2.7424E+01-1.5945E+01 1.2332E+02
140  277563 2.7756E+01 1.1367E+01 1.1365E+02
140  280618 2.8062E+01-2.4184E+01 1.2455E+02
140  287452 2.8745E+01 4.5742E+01 1.3366E+02
140  293746 2.9375E+01-4.5471E+01 1.3359E+02
140  299960 2.9996E+01 4.3481E+01 1.3300E+02
145    2260 2.2600E-01-1.1304E+02 1.4241E+02
145    3469 3.4690E-01 6.6213E+01 1.6595E+02
145    5271 5.2710E-01-1.8524E+01 1.3606E+02
145   11932 1.1932E+00 3.6520E+01 1.3443E+02
145   17793 1.7793E+00-2.6603E+01 1.2968E+02
145   24205 2.4205E+00 4.0091E+01 1.3576E+02
145   30019 3.0019E+00-2.9361E+01 1.3118E+02
145   36144 3.6144E+00 3.1725E+01 1.3235E+02
145   42148 4.2148E+00-2.8227E+01 1.3058E+02
145   48361 4.8361E+00 3.4363E+01 1.3354E+02
145   54274 5.4274E+00-2.6550E+01 1.2965E+02
145   60696 6.0696E+00 4.0346E+01 1.3585E+02
145   66510 6.6510E+00-2.9694E+01 1.3135E+02
145   72615 7.2615E+00 3.1088E+01 1.3204E+02
145   78646 7.8646E+00-2.8957E+01 1.3097E+02
145   84799 8.4799E+00 3.2577E+01 1.3274E+02
145   90771 9.0771E+00-2.7460E+01 1.3016E+02
145   97062 9.7062E+00 3.6688E+01 1.3450E+02
145  102918 1.0292E+01-2.6658E+01 1.2971E+02
145  109321 1.0932E+01 3.9839E+01 1.3568E+02
145  115136 1.1514E+01-2.9051E+01 1.3102E+02
145  121282 1.2128E+01 3.2367E+01 1.3265E+02
145  127261 1.2726E+01-2.7628E+01 1.3026E+02
145  133532 1.3353E+01 3.6132E+01 1.3427E+02
145  139401 1.3940E+01-2.6504E+01 1.2962E+02
145  145832 1.4583E+01 4.0565E+01 1.3593E+02
145  151645 1.5164E+01-2.9997E+01 1.3151E+02
145  157732 1.5773E+01 3.0555E+01 1.3178E+02
145  163789 1.6379E+01-2.9681E+01 1.3134E+02
145  169895 1.6989E+01 3.1116E+01 1.3206E+02
145  175925 1.7592E+01-2.8922E+01 1.3095E+02
145  182081 1.8208E+01 3.2654E+01 1.3278E+02
145  188050 1.8805E+01-2.7401E+01 1.3013E+02
145  194347 1.9435E+01 3.6890E+01 1.3458E+02
145  200199 2.0020E+01-2.6733E+01 1.2976E+02
145  206590 2.0659E+01 3.9500E+01 1.3555E+02
145  212406 2.1241E+01-2.8664E+01 1.3082E+02
145  218582 2.1858E+01 3.3248E+01 1.3305E+02
145  224529 2.2453E+01-2.7011E+01 1.2991E+02
145  230878 2.3088E+01 3.8338E+01 1.3513E+02
145  236707 2.3671E+01-2.7581E+01 1.3023E+02
145  242983 2.4298E+01 3.6279E+01 1.3433E+02
145  248848 2.4885E+01-2.6537E+01 1.2964E+02
145  255273 2.5527E+01 4.0405E+01 1.3587E+02
145  261086 2.6109E+01-2.9774E+01 1.3139E+02
145  267185 2.6718E+01 3.0942E+01 1.3197E+02
145  273224 2.7322E+01-2.9145E+01 1.3107E+02
145  279364 2.7936E+01 3.2171E+01 1.3256E+02
145  285351 2.8535E+01-2.7797E+01 1.3035E+02
145  291604 2.9160E+01 3.5600E+01 1.3406E+02
145  297485 2.9748E+01-2.6432E+01 1.2958E+02
150    2222 2.2220E-01-1.1760E+02 1.4614E+02
150    3406 3.4060E-01 7.0268E+01 1.7181E+02
150    5110 5.1100E-01-2.1833E+01 1.4403E+02
150   11396 1.1396E+00 2.0573E+01 1.2948E+02
150   14492 1.4492E+00-1.1519E+01 1.2112E+02
150   17443 1.7443E+00 2.7304E+01 1.3394E+02
150   23850 2.3850E+00-4.4370E+01 1.4105E+02
150   29720 2.9720E+00 3.9681E+01 1.3948E+02
150   35490 3.5490E+00-3.1022E+01 1.3582E+02
150   41508 4.1508E+00 3.3319E+01 1.3690E+02
150   47420 4.7420E+00-3.0490E+01 1.3556E+02
150   53471 5.3471E+00 3.4295E+01 1.3734E+02
150   59349 5.9349E+00-2.9835E+01 1.3522E+02
150   65447 6.5447E+00 3.5702E+01 1.3794E+02
150   71284 7.1284E+00-2.9382E+01 1.3499E+02
150   77420 7.7420E+00 3.6837E+01 1.3840E+02
150   83231 8.3231E+00-2.9416E+01 1.3501E+02
150   89364 8.9364E+00 3.6747E+01 1.3837E+02
150   95176 9.5176E+00-2.9400E+01 1.3500E+02
150  101311 1.0131E+01 3.6787E+01 1.3838E+02
150  107122 1.0712E+01-2.9407E+01 1.3500E+02
150  113255 1.1325E+01 3.6770E+01 1.3838E+02
150  119068 1.1907E+01-2.9404E+01 1.3500E+02
150  125202 1.2520E+01 3.6777E+01 1.3838E+02
150  131014 1.3101E+01-2.9405E+01 1.3500E+02
150  137147 1.3715E+01 3.6774E+01 1.3838E+02
150  142960 1.4296E+01-2.9405E+01 1.3500E+02
150  149093 1.4909E+01 3.6776E+01 1.3838E+02
150  154905 1.5490E+01-2.9405E+01 1.3500E+02
150  161039 1.6104E+01 3.6775E+01 1.3838E+02
150  166851 1.6685E+01-2.9405E+01 1.3500E+02
150  172984 1.7298E+01 3.6775E+01 1.3838E+02
150  178796 1.7880E+01-2.9405E+01 1.3500E+02
150  184930 1.8493E+01 3.6775E+01 1.3838E+02
150  190742 1.9074E+01-2.9405E+01 1.3500E+02
150  196876 1.9688E+01 3.6775E+01 1.3838E+02
150  202688 2.0269E+01-2.9405E+01 1.3500E+02
150  208822 2.0882E+01 3.6775E+01 1.3838E+02
150  214633 2.1463E+01-2.9405E+01 1.3500E+02
150  220768 2.2077E+01 3.6775E+01 1.3838E+02
150  226579 2.2658E+01-2.9405E+01 1.3500E+02
150  232713 2.3271E+01 3.6775E+01 1.3838E+02
150  238525 2.3852E+01-2.9405E+01 1.3500E+02
150  244659 2.4466E+01 3.6775E+01 1.3838E+02
150  250471 2.5047E+01-2.9405E+01 1.3500E+02
150  256605 2.5660E+01 3.6775E+01 1.3838E+02
150  262417 2.6242E+01-2.9405E+01 1.3500E+02
150  268551 2.6855E+01 3.6775E+01 1.3838E+02
150  274362 2.7436E+01-2.9405E+01 1.3500E+02
150  280497 2.8050E+01 3.6775E+01 1.3838E+02
150  286308 2.8631E+01-2.9405E+01 1.3500E+02
150  292442 2.9244E+01 3.6775E+01 1.3838E+02
150  298254 2.9825E+01-2.9405E+01 1.3500E+02
155    2188 2.1880E-01-1.2215E+02 1.4981E+02
155    3346 3.3460E-01 7.4355E+01 1.7762E+02
155    4969 4.9690E-01-2.5116E+01 1.5173E+02
155   11311 1.1311E+00 9.1322E+00 1.2120E+02
155   14223 1.4223E+00-3.4376E+01 1.4126E+02
155   20071 2.0071E+00 3.3263E+01 1.4070E+02
155   25968 2.5968E+00-3.4535E+01 1.4128E+02
155   31813 3.1813E+00 3.3323E+01 1.4073E+02
155   37707 3.7707E+00-3.4464E+01 1.4124E+02
155   43554 4.3554E+00 3.3376E+01 1.4075E+02
155   49446 4.9446E+00-3.4403E+01 1.4122E+02
155   55297 5.5297E+00 3.3423E+01 1.4078E+02
155   61185 6.1185E+00-3.4350E+01 1.4119E+02
155   67038 6.7038E+00 3.3465E+01 1.4079E+02
155   72925 7.2925E+00-3.4303E+01 1.4117E+02
155   78778 7.8778E+00 3.3502E+01 1.4081E+02
155   84665 8.4665E+00-3.4262E+01 1.4115E+02
155   90520 9.0520E+00 3.3535E+01 1.4083E+02
155   96404 9.6404E+00-3.4226E+01 1.4114E+02
155  102261 1.0226E+01 3.3565E+01 1.4084E+02
155  108145 1.0814E+01-3.4194E+01 1.4112E+02
155  114002 1.1400E+01 3.3592E+01 1.4085E+02
155  119884 1.1988E+01-3.4165E+01 1.4111E+02
155  125743 1.2574E+01 3.3617E+01 1.4086E+02
155  131625 1.3162E+01-3.4139E+01 1.4110E+02
155  137484 1.3748E+01 3.3640E+01 1.4087E+02
155  143364 1.4336E+01-3.4115E+01 1.4109E+02
155  149225 1.4922E+01 3.3660E+01 1.4088E+02
155  155104 1.5510E+01-3.4094E+01 1.4108E+02
155  160966 1.6097E+01 3.3679E+01 1.4089E+02
155  166844 1.6684E+01-3.4075E+01 1.4107E+02
155  172706 1.7271E+01 3.3696E+01 1.4090E+02
155  178584 1.7858E+01-3.4057E+01 1.4106E+02
155  184448 1.8445E+01 3.3711E+01 1.4091E+02
155  190325 1.9032E+01-3.4042E+01 1.4106E+02
155  196188 1.9619E+01 3.3725E+01 1.4091E+02
155  202065 2.0206E+01-3.4027E+01 1.4105E+02
155  207929 2.0793E+01 3.3738E+01 1.4092E+02
155  213805 2.1380E+01-3.4014E+01 1.4104E+02
155  219670 2.1967E+01 3.3750E+01 1.4092E+02
155  225545 2.2554E+01-3.4002E+01 1.4104E+02
155  231410 2.3141E+01 3.3761E+01 1.4093E+02
155  237285 2.3728E+01-3.3992E+01 1.4103E+02
155  243151 2.4315E+01 3.3771E+01 1.4093E+02
155  249025 2.4902E+01-3.3982E+01 1.4103E+02
155  254891 2.5489E+01 3.3780E+01 1.4094E+02
155  260766 2.6077E+01-3.3973E+01 1.4103E+02
155  266633 2.6663E+01 3.3788E+01 1.4094E+02
155  272506 2.7251E+01-3.3965E+01 1.4102E+02
155  278373 2.7837E+01 3.3795E+01 1.4095E+02
155  284247 2.8425E+01-3.3957E+01 1.4102E+02
155  290113 2.9011E+01 3.3802E+01 1.4095E+02
155  295987 2.9599E+01-3.3950E+01 1.4102E+02
160    2154 2.1540E-01-1.2670E+02 1.5344E+02
160    3290 3.2900E-01 7.8472E+01 1.8338E+02
160    4843 4.8430E-01-2.8395E+01 1.5922E+02
160   13905 1.3905E+00 3.6064E+01 1.4577E+02
160   19684 1.9684E+00-3.6220E+01 1.4584E+02
160   25459 2.5459E+00 3.6136E+01 1.4580E+02
160   31236 3.1236E+00-3.6177E+01 1.4582E+02
160   37012 3.7012E+00 3.6157E+01 1.4581E+02
160   42788 4.2788E+00-3.6167E+01 1.4582E+02
160   48565 4.8565E+00 3.6162E+01 1.4581E+02
160   54341 5.4341E+00-3.6164E+01 1.4581E+02
160   60117 6.0117E+00 3.6163E+01 1.4581E+02
160   65893 6.5893E+00-3.6164E+01 1.4581E+02
160   71670 7.1670E+00 3.6163E+01 1.4581E+02
160   77446 7.7446E+00-3.6163E+01 1.4581E+02
160   83222 8.3222E+00 3.6163E+01 1.4581E+02
160   88998 8.8998E+00-3.6163E+01 1.4581E+02
160   94775 9.4775E+00 3.6163E+01 1.4581E+02
160  100551 1.0055E+01-3.6163E+01 1.4581E+02
160  106327 1.0633E+01 3.6163E+01 1.4581E+02
160  112103 1.1210E+01-3.6163E+01 1.4581E+02
160  117880 1.1788E+01 3.6163E+01 1.4581E+02
160  123656 1.2366E+01-3.6163E+01 1.4581E+02
160  129432 1.2943E+01 3.6163E+01 1.4581E+02
160  135208 1.3521E+01-3.6163E+01 1.4581E+02
160  140985 1.4098E+01 3.6163E+01 1.4581E+02
160  146760 1.4676E+01-3.6163E+01 1.4581E+02
160  152537 1.5254E+01 3.6163E+01 1.4581E+02
160  158313 1.5831E+01-3.6163E+01 1.4581E+02
160  164090 1.6409E+01 3.6163E+01 1.4581E+02
160  169865 1.6986E+01-3.6163E+01 1.4581E+02
160  175642 1.7564E+01 3.6163E+01 1.4581E+02
160  181418 1.8142E+01-3.6163E+01 1.4581E+02
160  187195 1.8719E+01 3.6163E+01 1.4581E+02
160  192970 1.9297E+01-3.6163E+01 1.4581E+02
160  198747 1.9875E+01 3.6163E+01 1.4581E+02
160  204523 2.0452E+01-3.6163E+01 1.4581E+02
160  210300 2.1030E+01 3.6163E+01 1.4581E+02
160  216075 2.1607E+01-3.6163E+01 1.4581E+02
160  221852 2.2185E+01 3.6163E+01 1.4581E+02
160  227628 2.2763E+01-3.6163E+01 1.4581E+02
160  233405 2.3340E+01 3.6163E+01 1.4581E+02
160  239180 2.3918E+01-3.6163E+01 1.4581E+02
160  244957 2.4496E+01 3.6163E+01 1.4581E+02
160  250733 2.5073E+01-3.6163E+01 1.4581E+02
160  256510 2.5651E+01 3.6163E+01 1.4581E+02
160  262285 2.6228E+01-3.6163E+01 1.4581E+02
160  268062 2.6806E+01 3.6163E+01 1.4581E+02
160  273839 2.7384E+01-3.6163E+01 1.4581E+02
160  279615 2.7961E+01 3.6163E+01 1.4581E+02
160  285391 2.8539E+01-3.6163E+01 1.4581E+02
160  291167 2.9117E+01 3.6163E+01 1.4581E+02
160  296944 2.9694E+01-3.6163E+01 1.4581E+02
