 2.0000E+03 0.0000E+00
 1.9800E+03 1.0000E-02
 1.9602E+03 2.0000E-02
 1.9406E+03 3.0000E-02
 1.9212E+03 4.0000E-02
 1.9020E+03 5.0000E-02
 1.8830E+03 6.0000E-02
 1.8641E+03 7.0000E-02
 1.8455E+03 8.0000E-02
 1.8270E+03 9.0000E-02
 1.8088E+03 1.0000E-01
 1.7907E+03 1.1000E-01
 1.7728E+03 1.2000E-01
 1.7550E+03 1.3000E-01
 1.7375E+03 1.4000E-01
 1.7201E+03 1.5000E-01
 1.7029E+03 1.6000E-01
 1.6859E+03 1.7000E-01
 1.6690E+03 1.8000E-01
 1.6523E+03 1.9000E-01
 1.6358E+03 2.0000E-01
 1.6195E+03 2.1000E-01
 1.6033E+03 2.2000E-01
 1.5872E+03 2.3000E-01
 1.5714E+03 2.4000E-01
 1.5556E+03 2.5000E-01
 1.5401E+03 2.6000E-01
 1.5247E+03 2.7000E-01
 1.5094E+03 2.8000E-01
 1.4943E+03 2.9000E-01
 1.4794E+03 3.0000E-01
 1.4646E+03 3.1000E-01
 1.4500E+03 3.2000E-01
 1.4355E+03 3.3000E-01
 1.4211E+03 3.4000E-01
 1.4069E+03 3.5000E-01
 1.3928E+03 3.6000E-01
 1.3789E+03 3.7000E-01
 1.3651E+03 3.8000E-01
 1.3515E+03 3.9000E-01
 1.3379E+03 4.0000E-01
 1.3246E+03 4.1000E-01
 1.3113E+03 4.2000E-01
 1.2982E+03 4.3000E-01
 1.2852E+03 4.4000E-01
 1.2724E+03 4.5000E-01
 1.2596E+03 4.6000E-01
 1.2471E+03 4.7000E-01
 1.2346E+03 4.8000E-01
 1.2222E+03 4.9000E-01
 1.2100E+03 5.0000E-01
 1.1979E+03 5.1000E-01
 1.1859E+03 5.2000E-01
 1.1741E+03 5.3000E-01
 1.1623E+03 5.4000E-01
 1.1507E+03 5.5000E-01
 1.1392E+03 5.6000E-01
 1.1278E+03 5.7000E-01
 1.1165E+03 5.8000E-01
 1.1054E+03 5.9000E-01
 1.0943E+03 6.0000E-01
 1.0834E+03 6.1000E-01
 1.0725E+03 6.2000E-01
 1.0618E+03 6.3000E-01
 1.0512E+03 6.4000E-01
 1.0407E+03 6.5000E-01
 1.0303E+03 6.6000E-01
 1.0200E+03 6.7000E-01
 1.0098E+03 6.8000E-01
 9.9967E+02 6.9000E-01
 9.8968E+02 7.0000E-01
 9.7978E+02 7.1000E-01
 9.6998E+02 7.2000E-01
 9.6028E+02 7.3000E-01
 9.5068E+02 7.4000E-01
 9.4117E+02 7.5000E-01
 9.3176E+02 7.6000E-01
 9.2244E+02 7.7000E-01
 9.1322E+02 7.8000E-01
 9.0409E+02 7.9000E-01
 8.9505E+02 8.0000E-01
 8.8610E+02 8.1000E-01
 8.7724E+02 8.2000E-01
 8.6846E+02 8.3000E-01
 8.5978E+02 8.4000E-01
 8.5118E+02 8.5000E-01
 8.4267E+02 8.6000E-01
 8.3424E+02 8.7000E-01
 8.2590E+02 8.8000E-01
 8.1764E+02 8.9000E-01
 8.0946E+02 9.0000E-01
 8.0137E+02 9.1000E-01
 7.9336E+02 9.2000E-01
 7.8542E+02 9.3000E-01
 7.7757E+02 9.4000E-01
 7.6979E+02 9.5000E-01
 7.6209E+02 9.6000E-01
 7.5447E+02 9.7000E-01
 7.4693E+02 9.8000E-01
 7.3946E+02 9.9000E-01
 7.3206E+02 1.0000E+00
 7.2474E+02 1.0100E+00
 7.1750E+02 1.0200E+00
 7.1032E+02 1.0300E+00
 7.0322E+02 1.0400E+00
 6.9619E+02 1.0500E+00
 6.8922E+02 1.0600E+00
 6.8233E+02 1.0700E+00
 6.7551E+02 1.0800E+00
 6.6875E+02 1.0900E+00
 6.6207E+02 1.1000E+00
 6.5545E+02 1.1100E+00
 6.4889E+02 1.1200E+00
 6.4240E+02 1.1300E+00
 6.3598E+02 1.1400E+00
 6.2962E+02 1.1500E+00
 6.2332E+02 1.1600E+00
 6.1709E+02 1.1700E+00
 6.1092E+02 1.1800E+00
 6.0481E+02 1.1900E+00
 5.9876E+02 1.2000E+00
 5.9277E+02 1.2100E+00
 5.8685E+02 1.2200E+00
 5.8098E+02 1.2300E+00
 5.7517E+02 1.2400E+00
 5.6942E+02 1.2500E+00
 5.6372E+02 1.2600E+00
 5.5808E+02 1.2700E+00
 5.5250E+02 1.2800E+00
 5.4698E+02 1.2900E+00
 5.4151E+02 1.3000E+00
 5.3609E+02 1.3100E+00
 5.3073E+02 1.3200E+00
 5.2543E+02 1.3300E+00
 5.2017E+02 1.3400E+00
 5.1497E+02 1.3500E+00
 5.0982E+02 1.3600E+00
 5.0472E+02 1.3700E+00
 4.9967E+02 1.3800E+00
 4.9468E+02 1.3900E+00
 4.8973E+02 1.4000E+00
 4.8483E+02 1.4100E+00
 4.7998E+02 1.4200E+00
 4.7519E+02 1.4300E+00
 4.7043E+02 1.4400E+00
 4.6573E+02 1.4500E+00
 4.6107E+02 1.4600E+00
 4.5646E+02 1.4700E+00
 4.5190E+02 1.4800E+00
 4.4738E+02 1.4900E+00
 4.4290E+02 1.5000E+00
 4.3847E+02 1.5100E+00
 4.3409E+02 1.5200E+00
 4.2975E+02 1.5300E+00
 4.2545E+02 1.5400E+00
 4.2120E+02 1.5500E+00
 4.1698E+02 1.5600E+00
 4.1282E+02 1.5700E+00
 4.0869E+02 1.5800E+00
 4.0460E+02 1.5900E+00
 4.0055E+02 1.6000E+00
 3.9655E+02 1.6100E+00
 3.9258E+02 1.6200E+00
 3.8866E+02 1.6300E+00
 3.8477E+02 1.6400E+00
 3.8092E+02 1.6500E+00
 3.7711E+02 1.6600E+00
 3.7334E+02 1.6700E+00
 3.6961E+02 1.6800E+00
 3.6591E+02 1.6900E+00
 3.6225E+02 1.7000E+00
 3.5863E+02 1.7100E+00
 3.5505E+02 1.7200E+00
 3.5149E+02 1.7300E+00
 3.4798E+02 1.7400E+00
 3.4450E+02 1.7500E+00
 3.4105E+02 1.7600E+00
 3.3764E+02 1.7700E+00
 3.3427E+02 1.7800E+00
 3.3093E+02 1.7900E+00
 3.2762E+02 1.8000E+00
 3.2434E+02 1.8100E+00
 3.2110E+02 1.8200E+00
 3.1789E+02 1.8300E+00
 3.1471E+02 1.8400E+00
 3.1156E+02 1.8500E+00
 3.0844E+02 1.8600E+00
 3.0536E+02 1.8700E+00
 3.0231E+02 1.8800E+00
 2.9928E+02 1.8900E+00
 2.9629E+02 1.9000E+00
 2.9333E+02 1.9100E+00
 2.9039E+02 1.9200E+00
 2.8749E+02 1.9300E+00
 2.8461E+02 1.9400E+00
 2.8177E+02 1.9500E+00
 2.7895E+02 1.9600E+00
 2.7616E+02 1.9700E+00
 2.7340E+02 1.9800E+00
 2.7067E+02 1.9900E+00
 2.6796E+02 2.0000E+00
 2.6528E+02 2.0100E+00
 2.6263E+02 2.0200E+00
 2.6000E+02 2.0300E+00
 2.5740E+02 2.0400E+00
 2.5483E+02 2.0500E+00
 2.5228E+02 2.0600E+00
 2.4976E+02 2.0700E+00
 2.4726E+02 2.0800E+00
 2.4479E+02 2.0900E+00
 2.4234E+02 2.1000E+00
 2.3991E+02 2.1100E+00
 2.3752E+02 2.1200E+00
 2.3514E+02 2.1300E+00
 2.3279E+02 2.1400E+00
 2.3046E+02 2.1500E+00
 2.2816E+02 2.1600E+00
 2.2587E+02 2.1700E+00
 2.2362E+02 2.1800E+00
 2.2138E+02 2.1900E+00
 2.1917E+02 2.2000E+00
 2.1697E+02 2.2100E+00
 2.1480E+02 2.2200E+00
 2.1266E+02 2.2300E+00
 2.1053E+02 2.2400E+00
 2.0842E+02 2.2500E+00
 2.0634E+02 2.2600E+00
 2.0428E+02 2.2700E+00
 2.0223E+02 2.2800E+00
 2.0021E+02 2.2900E+00
 1.9821E+02 2.3000E+00
 1.9623E+02 2.3100E+00
 1.9427E+02 2.3200E+00
 1.9232E+02 2.3300E+00
 1.9040E+02 2.3400E+00
 1.8850E+02 2.3500E+00
 1.8661E+02 2.3600E+00
 1.8474E+02 2.3700E+00
 1.8290E+02 2.3800E+00
 1.8107E+02 2.3900E+00
 1.7926E+02 2.4000E+00
 1.7746E+02 2.4100E+00
 1.7569E+02 2.4200E+00
 1.7393E+02 2.4300E+00
 1.7219E+02 2.4400E+00
 1.7047E+02 2.4500E+00
 1.6877E+02 2.4600E+00
 1.6708E+02 2.4700E+00
 1.6541E+02 2.4800E+00
 1.6375E+02 2.4900E+00
 1.6212E+02 2.5000E+00
 1.6050E+02 2.5100E+00
 1.5889E+02 2.5200E+00
 1.5730E+02 2.5300E+00
 1.5573E+02 2.5400E+00
 1.5417E+02 2.5500E+00
 1.5263E+02 2.5600E+00
 1.5110E+02 2.5700E+00
 1.4959E+02 2.5800E+00
 1.4810E+02 2.5900E+00
 1.4662E+02 2.6000E+00
 1.4515E+02 2.6100E+00
 1.4370E+02 2.6200E+00
 1.4226E+02 2.6300E+00
 1.4084E+02 2.6400E+00
 1.3943E+02 2.6500E+00
 1.3804E+02 2.6600E+00
 1.3666E+02 2.6700E+00
 1.3529E+02 2.6800E+00
 1.3394E+02 2.6900E+00
 1.3260E+02 2.7000E+00
 1.3127E+02 2.7100E+00
 1.2996E+02 2.7200E+00
 1.2866E+02 2.7300E+00
 1.2737E+02 2.7400E+00
 1.2610E+02 2.7500E+00
 1.2484E+02 2.7600E+00
 1.2359E+02 2.7700E+00
 1.2235E+02 2.7800E+00
 1.2113E+02 2.7900E+00
 1.1992E+02 2.8000E+00
 1.1872E+02 2.8100E+00
 1.1753E+02 2.8200E+00
 1.1636E+02 2.8300E+00
 1.1519E+02 2.8400E+00
 1.1404E+02 2.8500E+00
 1.1290E+02 2.8600E+00
 1.1177E+02 2.8700E+00
 1.1065E+02 2.8800E+00
 1.0955E+02 2.8900E+00
 1.0845E+02 2.9000E+00
 1.0737E+02 2.9100E+00
 1.0629E+02 2.9200E+00
 1.0523E+02 2.9300E+00
 1.0418E+02 2.9400E+00
 1.0314E+02 2.9500E+00
 1.0211E+02 2.9600E+00
 1.0108E+02 2.9700E+00
 1.0007E+02 2.9800E+00
 9.9073E+01 2.9900E+00
 9.8082E+01 3.0000E+00
 9.7101E+01 3.0100E+00
 9.6130E+01 3.0200E+00
 9.5169E+01 3.0300E+00
 9.4217E+01 3.0400E+00
 9.3275E+01 3.0500E+00
 9.2342E+01 3.0600E+00
 9.1419E+01 3.0700E+00
 9.0504E+01 3.0800E+00
 8.9599E+01 3.0900E+00
 8.8703E+01 3.1000E+00
 8.7816E+01 3.1100E+00
 8.6938E+01 3.1200E+00
 8.6069E+01 3.1300E+00
 8.5208E+01 3.1400E+00
 8.4356E+01 3.1500E+00
 8.3513E+01 3.1600E+00
 8.2677E+01 3.1700E+00
 8.1851E+01 3.1800E+00
 8.1032E+01 3.1900E+00
 8.0222E+01 3.2000E+00
 7.9420E+01 3.2100E+00
 7.8625E+01 3.2200E+00
 7.7839E+01 3.2300E+00
 7.7061E+01 3.2400E+00
 7.6290E+01 3.2500E+00
 7.5527E+01 3.2600E+00
 7.4772E+01 3.2700E+00
 7.4024E+01 3.2800E+00
 7.3284E+01 3.2900E+00
 7.2551E+01 3.3000E+00
 7.1826E+01 3.3100E+00
 7.1107E+01 3.3200E+00
 7.0396E+01 3.3300E+00
 6.9692E+01 3.3400E+00
 6.8995E+01 3.3500E+00
 6.8305E+01 3.3600E+00
 6.7622E+01 3.3700E+00
 6.6946E+01 3.3800E+00
 6.6277E+01 3.3900E+00
 6.5614E+01 3.4000E+00
 6.4958E+01 3.4100E+00
 6.4308E+01 3.4200E+00
 6.3665E+01 3.4300E+00
 6.3028E+01 3.4400E+00
 6.2398E+01 3.4500E+00
 6.1774E+01 3.4600E+00
 6.1156E+01 3.4700E+00
 6.0545E+01 3.4800E+00
 5.9939E+01 3.4900E+00
 5.9340E+01 3.5000E+00
 5.8747E+01 3.5100E+00
 5.8159E+01 3.5200E+00
 5.7578E+01 3.5300E+00
 5.7002E+01 3.5400E+00
 5.6432E+01 3.5500E+00
 5.5868E+01 3.5600E+00
 5.5309E+01 3.5700E+00
 5.4756E+01 3.5800E+00
 5.4208E+01 3.5900E+00
 5.3666E+01 3.6000E+00
 5.3129E+01 3.6100E+00
 5.2598E+01 3.6200E+00
 5.2072E+01 3.6300E+00
 5.1551E+01 3.6400E+00
 5.1036E+01 3.6500E+00
 5.0526E+01 3.6600E+00
 5.0020E+01 3.6700E+00
 4.9520E+01 3.6800E+00
 4.9025E+01 3.6900E+00
 4.8535E+01 3.7000E+00
 4.8049E+01 3.7100E+00
 4.7569E+01 3.7200E+00
 4.7093E+01 3.7300E+00
 4.6622E+01 3.7400E+00
 4.6156E+01 3.7500E+00
 4.5694E+01 3.7600E+00
 4.5237E+01 3.7700E+00
 4.4785E+01 3.7800E+00
 4.4337E+01 3.7900E+00
 4.3894E+01 3.8000E+00
 4.3455E+01 3.8100E+00
 4.3020E+01 3.8200E+00
 4.2590E+01 3.8300E+00
 4.2164E+01 3.8400E+00
 4.1743E+01 3.8500E+00
 4.1325E+01 3.8600E+00
 4.0912E+01 3.8700E+00
 4.0503E+01 3.8800E+00
 4.0098E+01 3.8900E+00
 3.9697E+01 3.9000E+00
 3.9300E+01 3.9100E+00
 3.8907E+01 3.9200E+00
 3.8518E+01 3.9300E+00
 3.8133E+01 3.9400E+00
 3.7751E+01 3.9500E+00
 3.7374E+01 3.9600E+00
 3.7000E+01 3.9700E+00
 3.6630E+01 3.9800E+00
 3.6264E+01 3.9900E+00
 3.5901E+01 4.0000E+00
 3.5542E+01 4.0100E+00
 3.5187E+01 4.0200E+00
 3.4835E+01 4.0300E+00
 3.4486E+01 4.0400E+00
 3.4142E+01 4.0500E+00
 3.3800E+01 4.0600E+00
 3.3462E+01 4.0700E+00
 3.3128E+01 4.0800E+00
 3.2796E+01 4.0900E+00
 3.2468E+01 4.1000E+00
 3.2144E+01 4.1100E+00
 3.1822E+01 4.1200E+00
 3.1504E+01 4.1300E+00
 3.1189E+01 4.1400E+00
 3.0877E+01 4.1500E+00
 3.0568E+01 4.1600E+00
 3.0263E+01 4.1700E+00
 2.9960E+01 4.1800E+00
 2.9660E+01 4.1900E+00
 2.9364E+01 4.2000E+00
 2.9070E+01 4.2100E+00
 2.8779E+01 4.2200E+00
 2.8492E+01 4.2300E+00
 2.8207E+01 4.2400E+00
 2.7925E+01 4.2500E+00
 2.7645E+01 4.2600E+00
 2.7369E+01 4.2700E+00
 2.7095E+01 4.2800E+00
 2.6824E+01 4.2900E+00
 2.6556E+01 4.3000E+00
 2.6291E+01 4.3100E+00
 2.6028E+01 4.3200E+00
 2.5767E+01 4.3300E+00
 2.5510E+01 4.3400E+00
 2.5255E+01 4.3500E+00
 2.5002E+01 4.3600E+00
 2.4752E+01 4.3700E+00
 2.4504E+01 4.3800E+00
 2.4259E+01 4.3900E+00
 2.4017E+01 4.4000E+00
 2.3777E+01 4.4100E+00
 2.3539E+01 4.4200E+00
 2.3304E+01 4.4300E+00
 2.3070E+01 4.4400E+00
 2.2840E+01 4.4500E+00
 2.2611E+01 4.4600E+00
 2.2385E+01 4.4700E+00
 2.2161E+01 4.4800E+00
 2.1940E+01 4.4900E+00
 2.1720E+01 4.5000E+00
 2.1503E+01 4.5100E+00
 2.1288E+01 4.5200E+00
 2.1075E+01 4.5300E+00
 2.0865E+01 4.5400E+00
 2.0656E+01 4.5500E+00
 2.0449E+01 4.5600E+00
 2.0245E+01 4.5700E+00
 2.0042E+01 4.5800E+00
 1.9842E+01 4.5900E+00
 1.9644E+01 4.6000E+00
 1.9447E+01 4.6100E+00
 1.9253E+01 4.6200E+00
 1.9060E+01 4.6300E+00
 1.8869E+01 4.6400E+00
 1.8681E+01 4.6500E+00
 1.8494E+01 4.6600E+00
 1.8309E+01 4.6700E+00
 1.8126E+01 4.6800E+00
 1.7945E+01 4.6900E+00
 1.7765E+01 4.7000E+00
 1.7588E+01 4.7100E+00
 1.7412E+01 4.7200E+00
 1.7238E+01 4.7300E+00
 1.7065E+01 4.7400E+00
 1.6895E+01 4.7500E+00
 1.6726E+01 4.7600E+00
 1.6558E+01 4.7700E+00
 1.6393E+01 4.7800E+00
 1.6229E+01 4.7900E+00
 1.6067E+01 4.8000E+00
 1.5906E+01 4.8100E+00
 1.5747E+01 4.8200E+00
 1.5589E+01 4.8300E+00
 1.5433E+01 4.8400E+00
 1.5279E+01 4.8500E+00
 1.5126E+01 4.8600E+00
 1.4975E+01 4.8700E+00
 1.4825E+01 4.8800E+00
 1.4677E+01 4.8900E+00
 1.4530E+01 4.9000E+00
 1.4385E+01 4.9100E+00
 1.4241E+01 4.9200E+00
 1.4099E+01 4.9300E+00
 1.3958E+01 4.9400E+00
 1.3818E+01 4.9500E+00
 1.3680E+01 4.9600E+00
 1.3543E+01 4.9700E+00
 1.3408E+01 4.9800E+00
 1.3274E+01 4.9900E+00
 1.3141E+01 5.0000E+00
 1.3010E+01 5.0100E+00
 1.2879E+01 5.0200E+00
 1.2751E+01 5.0300E+00
 1.2623E+01 5.0400E+00
 1.2497E+01 5.0500E+00
 1.2372E+01 5.0600E+00
 1.2248E+01 5.0700E+00
 1.2126E+01 5.0800E+00
 1.2005E+01 5.0900E+00
 1.1884E+01 5.1000E+00
 1.1766E+01 5.1100E+00
 1.1648E+01 5.1200E+00
 1.1531E+01 5.1300E+00
 1.1416E+01 5.1400E+00
 1.1302E+01 5.1500E+00
 1.1189E+01 5.1600E+00
 1.1077E+01 5.1700E+00
 1.0966E+01 5.1800E+00
 1.0857E+01 5.1900E+00
 1.0748E+01 5.2000E+00
 1.0641E+01 5.2100E+00
 1.0534E+01 5.2200E+00
 1.0429E+01 5.2300E+00
 1.0325E+01 5.2400E+00
 1.0221E+01 5.2500E+00
 1.0119E+01 5.2600E+00
 1.0018E+01 5.2700E+00
 9.9177E+00 5.2800E+00
 9.8186E+00 5.2900E+00
 9.7204E+00 5.3000E+00
 9.6232E+00 5.3100E+00
 9.5269E+00 5.3200E+00
 9.4317E+00 5.3300E+00
 9.3374E+00 5.3400E+00
 9.2440E+00 5.3500E+00
 9.1515E+00 5.3600E+00
 9.0600E+00 5.3700E+00
 8.9694E+00 5.3800E+00
 8.8797E+00 5.3900E+00
 8.7909E+00 5.4000E+00
 8.7030E+00 5.4100E+00
 8.6160E+00 5.4200E+00
 8.5298E+00 5.4300E+00
 8.4445E+00 5.4400E+00
 8.3601E+00 5.4500E+00
 8.2765E+00 5.4600E+00
 8.1937E+00 5.4700E+00
 8.1118E+00 5.4800E+00
 8.0307E+00 5.4900E+00
 7.9504E+00 5.5000E+00
 7.8709E+00 5.5100E+00
 7.7922E+00 5.5200E+00
 7.7142E+00 5.5300E+00
 7.6371E+00 5.5400E+00
 7.5607E+00 5.5500E+00
 7.4851E+00 5.5600E+00
 7.4103E+00 5.5700E+00
 7.3362E+00 5.5800E+00
 7.2628E+00 5.5900E+00
 7.1902E+00 5.6000E+00
 7.1183E+00 5.6100E+00
 7.0471E+00 5.6200E+00
 6.9766E+00 5.6300E+00
 6.9068E+00 5.6400E+00
 6.8378E+00 5.6500E+00
 6.7694E+00 5.6600E+00
 6.7017E+00 5.6700E+00
 6.6347E+00 5.6800E+00
 6.5683E+00 5.6900E+00
 6.5027E+00 5.7000E+00
 6.4376E+00 5.7100E+00
 6.3733E+00 5.7200E+00
 6.3095E+00 5.7300E+00
 6.2464E+00 5.7400E+00
 6.1840E+00 5.7500E+00
 6.1221E+00 5.7600E+00
 6.0609E+00 5.7700E+00
 6.0003E+00 5.7800E+00
 5.9403E+00 5.7900E+00
 5.8809E+00 5.8000E+00
 5.8221E+00 5.8100E+00
 5.7639E+00 5.8200E+00
 5.7062E+00 5.8300E+00
 5.6492E+00 5.8400E+00
 5.5927E+00 5.8500E+00
 5.5367E+00 5.8600E+00
 5.4814E+00 5.8700E+00
 5.4266E+00 5.8800E+00
 5.3723E+00 5.8900E+00
 5.3186E+00 5.9000E+00
 5.2654E+00 5.9100E+00
 5.2127E+00 5.9200E+00
 5.1606E+00 5.9300E+00
 5.1090E+00 5.9400E+00
 5.0579E+00 5.9500E+00
 5.0073E+00 5.9600E+00
 4.9573E+00 5.9700E+00
 4.9077E+00 5.9800E+00
 4.8586E+00 5.9900E+00
 4.8100E+00 6.0000E+00
 4.7619E+00 6.0100E+00
 4.7143E+00 6.0200E+00
 4.6672E+00 6.0300E+00
 4.6205E+00 6.0400E+00
 4.5743E+00 6.0500E+00
 4.5285E+00 6.0600E+00
 4.4833E+00 6.0700E+00
 4.4384E+00 6.0800E+00
 4.3940E+00 6.0900E+00
 4.3501E+00 6.1000E+00
 4.3066E+00 6.1100E+00
 4.2635E+00 6.1200E+00
 4.2209E+00 6.1300E+00
 4.1787E+00 6.1400E+00
 4.1369E+00 6.1500E+00
 4.0955E+00 6.1600E+00
 4.0546E+00 6.1700E+00
 4.0140E+00 6.1800E+00
 3.9739E+00 6.1900E+00
 3.9341E+00 6.2000E+00
 3.8948E+00 6.2100E+00
 3.8559E+00 6.2200E+00
 3.8173E+00 6.2300E+00
 3.7791E+00 6.2400E+00
 3.7413E+00 6.2500E+00
 3.7039E+00 6.2600E+00
 3.6669E+00 6.2700E+00
 3.6302E+00 6.2800E+00
 3.5939E+00 6.2900E+00
 3.5580E+00 6.3000E+00
 3.5224E+00 6.3100E+00
 3.4872E+00 6.3200E+00
 3.4523E+00 6.3300E+00
 3.4178E+00 6.3400E+00
 3.3836E+00 6.3500E+00
 3.3498E+00 6.3600E+00
 3.3163E+00 6.3700E+00
 3.2831E+00 6.3800E+00
 3.2503E+00 6.3900E+00
 3.2178E+00 6.4000E+00
 3.1856E+00 6.4100E+00
 3.1537E+00 6.4200E+00
 3.1222E+00 6.4300E+00
 3.0910E+00 6.4400E+00
 3.0601E+00 6.4500E+00
 3.0295E+00 6.4600E+00
 2.9992E+00 6.4700E+00
 2.9692E+00 6.4800E+00
 2.9395E+00 6.4900E+00
 2.9101E+00 6.5000E+00
 2.8810E+00 6.5100E+00
 2.8522E+00 6.5200E+00
 2.8237E+00 6.5300E+00
 2.7954E+00 6.5400E+00
 2.7675E+00 6.5500E+00
 2.7398E+00 6.5600E+00
 2.7124E+00 6.5700E+00
 2.6853E+00 6.5800E+00
 2.6584E+00 6.5900E+00
 2.6318E+00 6.6000E+00
 2.6055E+00 6.6100E+00
 2.5795E+00 6.6200E+00
 2.5537E+00 6.6300E+00
 2.5281E+00 6.6400E+00
 2.5028E+00 6.6500E+00
 2.4778E+00 6.6600E+00
 2.4530E+00 6.6700E+00
 2.4285E+00 6.6800E+00
 2.4042E+00 6.6900E+00
 2.3802E+00 6.7000E+00
 2.3564E+00 6.7100E+00
 2.3328E+00 6.7200E+00
 2.3095E+00 6.7300E+00
 2.2864E+00 6.7400E+00
 2.2635E+00 6.7500E+00
 2.2409E+00 6.7600E+00
 2.2185E+00 6.7700E+00
 2.1963E+00 6.7800E+00
 2.1743E+00 6.7900E+00
 2.1526E+00 6.8000E+00
 2.1311E+00 6.8100E+00
 2.1098E+00 6.8200E+00
 2.0887E+00 6.8300E+00
 2.0678E+00 6.8400E+00
 2.0471E+00 6.8500E+00
 2.0266E+00 6.8600E+00
 2.0064E+00 6.8700E+00
 1.9863E+00 6.8800E+00
 1.9664E+00 6.8900E+00
 1.9468E+00 6.9000E+00
 1.9273E+00 6.9100E+00
 1.9080E+00 6.9200E+00
 1.8889E+00 6.9300E+00
 1.8701E+00 6.9400E+00
 1.8514E+00 6.9500E+00
 1.8328E+00 6.9600E+00
 1.8145E+00 6.9700E+00
 1.7964E+00 6.9800E+00
 1.7784E+00 6.9900E+00
 1.7606E+00 7.0000E+00
 1.7430E+00 7.0100E+00
 1.7256E+00 7.0200E+00
 1.7083E+00 7.0300E+00
 1.6912E+00 7.0400E+00
 1.6743E+00 7.0500E+00
 1.6576E+00 7.0600E+00
 1.6410E+00 7.0700E+00
 1.6246E+00 7.0800E+00
 1.6084E+00 7.0900E+00
 1.5923E+00 7.1000E+00
 1.5764E+00 7.1100E+00
 1.5606E+00 7.1200E+00
 1.5450E+00 7.1300E+00
 1.5295E+00 7.1400E+00
 1.5142E+00 7.1500E+00
 1.4991E+00 7.1600E+00
 1.4841E+00 7.1700E+00
 1.4693E+00 7.1800E+00
 1.4546E+00 7.1900E+00
 1.4400E+00 7.2000E+00
 1.4256E+00 7.2100E+00
 1.4114E+00 7.2200E+00
 1.3973E+00 7.2300E+00
 1.3833E+00 7.2400E+00
 1.3694E+00 7.2500E+00
 1.3558E+00 7.2600E+00
 1.3422E+00 7.2700E+00
 1.3288E+00 7.2800E+00
 1.3155E+00 7.2900E+00
 1.3023E+00 7.3000E+00
 1.2893E+00 7.3100E+00
 1.2764E+00 7.3200E+00
 1.2637E+00 7.3300E+00
 1.2510E+00 7.3400E+00
 1.2385E+00 7.3500E+00
 1.2261E+00 7.3600E+00
 1.2139E+00 7.3700E+00
 1.2017E+00 7.3800E+00
 1.1897E+00 7.3900E+00
 1.1778E+00 7.4000E+00
 1.1660E+00 7.4100E+00
 1.1544E+00 7.4200E+00
 1.1428E+00 7.4300E+00
 1.1314E+00 7.4400E+00
 1.1201E+00 7.4500E+00
 1.1089E+00 7.4600E+00
 1.0978E+00 7.4700E+00
 1.0868E+00 7.4800E+00
 1.0759E+00 7.4900E+00
 1.0652E+00 7.5000E+00
 1.0545E+00 7.5100E+00
 1.0440E+00 7.5200E+00
 1.0336E+00 7.5300E+00
 1.0232E+00 7.5400E+00
 1.0130E+00 7.5500E+00
 1.0029E+00 7.5600E+00
 9.9282E-01 7.5700E+00
 9.8290E-01 7.5800E+00
 9.7307E-01 7.5900E+00
 9.6334E-01 7.6000E+00
 9.5370E-01 7.6100E+00
 9.4417E-01 7.6200E+00
 9.3472E-01 7.6300E+00
 9.2538E-01 7.6400E+00
 9.1612E-01 7.6500E+00
 9.0696E-01 7.6600E+00
 8.9789E-01 7.6700E+00
 8.8891E-01 7.6800E+00
 8.8002E-01 7.6900E+00
 8.7122E-01 7.7000E+00
 8.6251E-01 7.7100E+00
 8.5389E-01 7.7200E+00
 8.4535E-01 7.7300E+00
 8.3689E-01 7.7400E+00
 8.2853E-01 7.7500E+00
 8.2024E-01 7.7600E+00
 8.1204E-01 7.7700E+00
 8.0392E-01 7.7800E+00
 7.9588E-01 7.7900E+00
 7.8792E-01 7.8000E+00
 7.8004E-01 7.8100E+00
 7.7224E-01 7.8200E+00
 7.6452E-01 7.8300E+00
 7.5687E-01 7.8400E+00
 7.4930E-01 7.8500E+00
 7.4181E-01 7.8600E+00
 7.3439E-01 7.8700E+00
 7.2705E-01 7.8800E+00
 7.1978E-01 7.8900E+00
 7.1258E-01 7.9000E+00
 7.0545E-01 7.9100E+00
 6.9840E-01 7.9200E+00
 6.9142E-01 7.9300E+00
 6.8450E-01 7.9400E+00
 6.7766E-01 7.9500E+00
 6.7088E-01 7.9600E+00
 6.6417E-01 7.9700E+00
 6.5753E-01 7.9800E+00
 6.5095E-01 7.9900E+00
 6.4444E-01 8.0000E+00
 6.3800E-01 8.0100E+00
 6.3162E-01 8.0200E+00
 6.2530E-01 8.0300E+00
 6.1905E-01 8.0400E+00
 6.1286E-01 8.0500E+00
 6.0673E-01 8.0600E+00
 6.0066E-01 8.0700E+00
 5.9466E-01 8.0800E+00
 5.8871E-01 8.0900E+00
 5.8282E-01 8.1000E+00
 5.7700E-01 8.1100E+00
 5.7123E-01 8.1200E+00
 5.6551E-01 8.1300E+00
 5.5986E-01 8.1400E+00
 5.5426E-01 8.1500E+00
 5.4872E-01 8.1600E+00
 5.4323E-01 8.1700E+00
 5.3780E-01 8.1800E+00
 5.3242E-01 8.1900E+00
 5.2710E-01 8.2000E+00
 5.2182E-01 8.2100E+00
 5.1661E-01 8.2200E+00
 5.1144E-01 8.2300E+00
 5.0633E-01 8.2400E+00
 5.0126E-01 8.2500E+00
 4.9625E-01 8.2600E+00
 4.9129E-01 8.2700E+00
 4.8637E-01 8.2800E+00
 4.8151E-01 8.2900E+00
 4.7670E-01 8.3000E+00
 4.7193E-01 8.3100E+00
 4.6721E-01 8.3200E+00
 4.6254E-01 8.3300E+00
 4.5791E-01 8.3400E+00
 4.5333E-01 8.3500E+00
 4.4880E-01 8.3600E+00
 4.4431E-01 8.3700E+00
 4.3987E-01 8.3800E+00
 4.3547E-01 8.3900E+00
 4.3112E-01 8.4000E+00
 4.2680E-01 8.4100E+00
 4.2254E-01 8.4200E+00
 4.1831E-01 8.4300E+00
 4.1413E-01 8.4400E+00
 4.0999E-01 8.4500E+00
 4.0589E-01 8.4600E+00
 4.0183E-01 8.4700E+00
 3.9781E-01 8.4800E+00
 3.9383E-01 8.4900E+00
 3.8989E-01 8.5000E+00
 3.8599E-01 8.5100E+00
 3.8213E-01 8.5200E+00
 3.7831E-01 8.5300E+00
 3.7453E-01 8.5400E+00
 3.7078E-01 8.5500E+00
 3.6708E-01 8.5600E+00
 3.6341E-01 8.5700E+00
 3.5977E-01 8.5800E+00
 3.5617E-01 8.5900E+00
 3.5261E-01 8.6000E+00
 3.4909E-01 8.6100E+00
 3.4560E-01 8.6200E+00
 3.4214E-01 8.6300E+00
 3.3872E-01 8.6400E+00
 3.3533E-01 8.6500E+00
 3.3198E-01 8.6600E+00
 3.2866E-01 8.6700E+00
 3.2537E-01 8.6800E+00
 3.2212E-01 8.6900E+00
 3.1890E-01 8.7000E+00
 3.1571E-01 8.7100E+00
 3.1255E-01 8.7200E+00
 3.0942E-01 8.7300E+00
 3.0633E-01 8.7400E+00
 3.0327E-01 8.7500E+00
 3.0023E-01 8.7600E+00
 2.9723E-01 8.7700E+00
 2.9426E-01 8.7800E+00
 2.9132E-01 8.7900E+00
 2.8840E-01 8.8000E+00
 2.8552E-01 8.8100E+00
 2.8266E-01 8.8200E+00
 2.7984E-01 8.8300E+00
 2.7704E-01 8.8400E+00
 2.7427E-01 8.8500E+00
 2.7153E-01 8.8600E+00
 2.6881E-01 8.8700E+00
 2.6612E-01 8.8800E+00
 2.6346E-01 8.8900E+00
 2.6083E-01 8.9000E+00
 2.5822E-01 8.9100E+00
 2.5564E-01 8.9200E+00
 2.5308E-01 8.9300E+00
 2.5055E-01 8.9400E+00
 2.4804E-01 8.9500E+00
 2.4556E-01 8.9600E+00
 2.4311E-01 8.9700E+00
 2.4068E-01 8.9800E+00
 2.3827E-01 8.9900E+00
 2.3589E-01 9.0000E+00
 2.3353E-01 9.0100E+00
 2.3119E-01 9.0200E+00
 2.2888E-01 9.0300E+00
 2.2659E-01 9.0400E+00
 2.2433E-01 9.0500E+00
 2.2208E-01 9.0600E+00
 2.1986E-01 9.0700E+00
 2.1766E-01 9.0800E+00
 2.1549E-01 9.0900E+00
 2.1333E-01 9.1000E+00
 2.1120E-01 9.1100E+00
 2.0909E-01 9.1200E+00
 2.0700E-01 9.1300E+00
 2.0493E-01 9.1400E+00
 2.0288E-01 9.1500E+00
 2.0085E-01 9.1600E+00
 1.9884E-01 9.1700E+00
 1.9685E-01 9.1800E+00
 1.9488E-01 9.1900E+00
 1.9293E-01 9.2000E+00
 1.9100E-01 9.2100E+00
 1.8909E-01 9.2200E+00
 1.8720E-01 9.2300E+00
 1.8533E-01 9.2400E+00
 1.8348E-01 9.2500E+00
 1.8164E-01 9.2600E+00
 1.7983E-01 9.2700E+00
 1.7803E-01 9.2800E+00
 1.7625E-01 9.2900E+00
 1.7449E-01 9.3000E+00
 1.7274E-01 9.3100E+00
 1.7101E-01 9.3200E+00
 1.6930E-01 9.3300E+00
 1.6761E-01 9.3400E+00
 1.6593E-01 9.3500E+00
 1.6428E-01 9.3600E+00
 1.6263E-01 9.3700E+00
 1.6101E-01 9.3800E+00
 1.5940E-01 9.3900E+00
 1.5780E-01 9.4000E+00
 1.5622E-01 9.4100E+00
 1.5466E-01 9.4200E+00
 1.5312E-01 9.4300E+00
 1.5158E-01 9.4400E+00
 1.5007E-01 9.4500E+00
 1.4857E-01 9.4600E+00
 1.4708E-01 9.4700E+00
 1.4561E-01 9.4800E+00
 1.4416E-01 9.4900E+00
 1.4271E-01 9.5000E+00
 1.4129E-01 9.5100E+00
 1.3987E-01 9.5200E+00
 1.3847E-01 9.5300E+00
 1.3709E-01 9.5400E+00
 1.3572E-01 9.5500E+00
 1.3436E-01 9.5600E+00
 1.3302E-01 9.5700E+00
 1.3169E-01 9.5800E+00
 1.3037E-01 9.5900E+00
 1.2907E-01 9.6000E+00
 1.2778E-01 9.6100E+00
 1.2650E-01 9.6200E+00
 1.2523E-01 9.6300E+00
 1.2398E-01 9.6400E+00
 1.2274E-01 9.6500E+00
 1.2151E-01 9.6600E+00
 1.2030E-01 9.6700E+00
 1.1910E-01 9.6800E+00
 1.1791E-01 9.6900E+00
 1.1673E-01 9.7000E+00
 1.1556E-01 9.7100E+00
 1.1440E-01 9.7200E+00
 1.1326E-01 9.7300E+00
 1.1213E-01 9.7400E+00
 1.1101E-01 9.7500E+00
 1.0990E-01 9.7600E+00
 1.0880E-01 9.7700E+00
 1.0771E-01 9.7800E+00
 1.0663E-01 9.7900E+00
 1.0557E-01 9.8000E+00
 1.0451E-01 9.8100E+00
 1.0346E-01 9.8200E+00
 1.0243E-01 9.8300E+00
 1.0141E-01 9.8400E+00
 1.0039E-01 9.8500E+00
 9.9388E-02 9.8600E+00
 9.8394E-02 9.8700E+00
 9.7410E-02 9.8800E+00
 9.6436E-02 9.8900E+00
 9.5471E-02 9.9000E+00
 9.4517E-02 9.9100E+00
 9.3571E-02 9.9200E+00
 9.2636E-02 9.9300E+00
 9.1709E-02 9.9400E+00
 9.0792E-02 9.9500E+00
 8.9884E-02 9.9600E+00
 8.8985E-02 9.9700E+00
 8.8096E-02 9.9800E+00
