 0.0000E+00 1.0000E+02 0.0000E+00
 1.0000E-02 9.9000E+01 1.0000E+00
 2.0000E-02 9.8020E+01 1.9800E+00
 3.0000E-02 9.7060E+01 2.9404E+00
 4.0000E-02 9.6118E+01 3.8816E+00
 5.0000E-02 9.5196E+01 4.8040E+00
 6.0000E-02 9.4292E+01 5.7079E+00
 7.0000E-02 9.3406E+01 6.5937E+00
 8.0000E-02 9.2538E+01 7.4618E+00
 9.0000E-02 9.1687E+01 8.3126E+00
 1.0000E-01 9.0854E+01 9.1464E+00
 1.1000E-01 9.0037E+01 9.9634E+00
 1.2000E-01 8.9236E+01 1.0764E+01
 1.3000E-01 8.8451E+01 1.1549E+01
 1.4000E-01 8.7682E+01 1.2318E+01
 1.5000E-01 8.6928E+01 1.3072E+01
 1.6000E-01 8.6190E+01 1.3810E+01
 1.7000E-01 8.5466E+01 1.4534E+01
 1.8000E-01 8.4757E+01 1.5243E+01
 1.9000E-01 8.4062E+01 1.5938E+01
 2.0000E-01 8.3380E+01 1.6620E+01
 2.1000E-01 8.2713E+01 1.7287E+01
 2.2000E-01 8.2059E+01 1.7941E+01
 2.3000E-01 8.1417E+01 1.8583E+01
 2.4000E-01 8.0789E+01 1.9211E+01
 2.5000E-01 8.0173E+01 1.9827E+01
 2.6000E-01 7.9570E+01 2.0430E+01
 2.7000E-01 7.8978E+01 2.1022E+01
 2.8000E-01 7.8399E+01 2.1601E+01
 2.9000E-01 7.7831E+01 2.2169E+01
 3.0000E-01 7.7274E+01 2.2726E+01
 3.1000E-01 7.6729E+01 2.3271E+01
 3.2000E-01 7.6194E+01 2.3806E+01
 3.3000E-01 7.5670E+01 2.4330E+01
 3.4000E-01 7.5157E+01 2.4843E+01
 3.5000E-01 7.4654E+01 2.5346E+01
 3.6000E-01 7.4161E+01 2.5839E+01
 3.7000E-01 7.3677E+01 2.6323E+01
 3.8000E-01 7.3204E+01 2.6796E+01
 3.9000E-01 7.2740E+01 2.7260E+01
 4.0000E-01 7.2285E+01 2.7715E+01
 4.1000E-01 7.1839E+01 2.8161E+01
 4.2000E-01 7.1403E+01 2.8597E+01
 4.3000E-01 7.0974E+01 2.9026E+01
 4.4000E-01 7.0555E+01 2.9445E+01
 4.5000E-01 7.0144E+01 2.9856E+01
 4.6000E-01 6.9741E+01 3.0259E+01
 4.7000E-01 6.9346E+01 3.0654E+01
 4.8000E-01 6.8959E+01 3.1041E+01
 4.9000E-01 6.8580E+01 3.1420E+01
 5.0000E-01 6.8208E+01 3.1792E+01
 5.1000E-01 6.7844E+01 3.2156E+01
 5.2000E-01 6.7487E+01 3.2513E+01
 5.3000E-01 6.7138E+01 3.2862E+01
 5.4000E-01 6.6795E+01 3.3205E+01
 5.5000E-01 6.6459E+01 3.3541E+01
 5.6000E-01 6.6130E+01 3.3870E+01
 5.7000E-01 6.5807E+01 3.4193E+01
 5.8000E-01 6.5491E+01 3.4509E+01
 5.9000E-01 6.5181E+01 3.4819E+01
 6.0000E-01 6.4878E+01 3.5122E+01
 6.1000E-01 6.4580E+01 3.5420E+01
 6.2000E-01 6.4289E+01 3.5711E+01
 6.3000E-01 6.4003E+01 3.5997E+01
 6.4000E-01 6.3723E+01 3.6277E+01
 6.5000E-01 6.3448E+01 3.6552E+01
 6.6000E-01 6.3179E+01 3.6821E+01
 6.7000E-01 6.2916E+01 3.7084E+01
 6.8000E-01 6.2657E+01 3.7343E+01
 6.9000E-01 6.2404E+01 3.7596E+01
 7.0000E-01 6.2156E+01 3.7844E+01
 7.1000E-01 6.1913E+01 3.8087E+01
 7.2000E-01 6.1675E+01 3.8325E+01
 7.3000E-01 6.1441E+01 3.8559E+01
 7.4000E-01 6.1212E+01 3.8788E+01
 7.5000E-01 6.0988E+01 3.9012E+01
 7.6000E-01 6.0768E+01 3.9232E+01
 7.7000E-01 6.0553E+01 3.9447E+01
 7.8000E-01 6.0342E+01 3.9658E+01
 7.9000E-01 6.0135E+01 3.9865E+01
 8.0000E-01 5.9932E+01 4.0068E+01
 8.1000E-01 5.9734E+01 4.0266E+01
 8.2000E-01 5.9539E+01 4.0461E+01
 8.3000E-01 5.9348E+01 4.0652E+01
 8.4000E-01 5.9161E+01 4.0839E+01
 8.5000E-01 5.8978E+01 4.1022E+01
 8.6000E-01 5.8799E+01 4.1201E+01
 8.7000E-01 5.8623E+01 4.1377E+01
 8.8000E-01 5.8450E+01 4.1550E+01
 8.9000E-01 5.8281E+01 4.1719E+01
 9.0000E-01 5.8116E+01 4.1884E+01
 9.1000E-01 5.7953E+01 4.2047E+01
 9.2000E-01 5.7794E+01 4.2206E+01
 9.3000E-01 5.7638E+01 4.2362E+01
 9.4000E-01 5.7486E+01 4.2514E+01
 9.5000E-01 5.7336E+01 4.2664E+01
 9.6000E-01 5.7189E+01 4.2811E+01
 9.7000E-01 5.7045E+01 4.2955E+01
 9.8000E-01 5.6904E+01 4.3096E+01
 9.9000E-01 5.6766E+01 4.3234E+01
 1.0000E+00 5.6631E+01 4.3369E+01
 1.0100E+00 5.6498E+01 4.3502E+01
 1.0200E+00 5.6368E+01 4.3632E+01
 1.0300E+00 5.6241E+01 4.3759E+01
 1.0400E+00 5.6116E+01 4.3884E+01
 1.0500E+00 5.5994E+01 4.4006E+01
 1.0600E+00 5.5874E+01 4.4126E+01
 1.0700E+00 5.5757E+01 4.4243E+01
 1.0800E+00 5.5641E+01 4.4359E+01
 1.0900E+00 5.5529E+01 4.4471E+01
 1.1000E+00 5.5418E+01 4.4582E+01
 1.1100E+00 5.5310E+01 4.4690E+01
 1.1200E+00 5.5203E+01 4.4797E+01
 1.1300E+00 5.5099E+01 4.4901E+01
 1.1400E+00 5.4997E+01 4.5003E+01
 1.1500E+00 5.4897E+01 4.5103E+01
 1.1600E+00 5.4799E+01 4.5201E+01
 1.1700E+00 5.4703E+01 4.5297E+01
 1.1800E+00 5.4609E+01 4.5391E+01
 1.1900E+00 5.4517E+01 4.5483E+01
 1.2000E+00 5.4427E+01 4.5573E+01
 1.2100E+00 5.4338E+01 4.5662E+01
 1.2200E+00 5.4252E+01 4.5748E+01
 1.2300E+00 5.4167E+01 4.5833E+01
 1.2400E+00 5.4083E+01 4.5917E+01
 1.2500E+00 5.4002E+01 4.5998E+01
 1.2600E+00 5.3922E+01 4.6078E+01
 1.2700E+00 5.3843E+01 4.6157E+01
 1.2800E+00 5.3766E+01 4.6234E+01
 1.2900E+00 5.3691E+01 4.6309E+01
 1.3000E+00 5.3617E+01 4.6383E+01
 1.3100E+00 5.3545E+01 4.6455E+01
 1.3200E+00 5.3474E+01 4.6526E+01
 1.3300E+00 5.3404E+01 4.6596E+01
 1.3400E+00 5.3336E+01 4.6664E+01
 1.3500E+00 5.3270E+01 4.6730E+01
 1.3600E+00 5.3204E+01 4.6796E+01
 1.3700E+00 5.3140E+01 4.6860E+01
 1.3800E+00 5.3077E+01 4.6923E+01
 1.3900E+00 5.3016E+01 4.6984E+01
 1.4000E+00 5.2955E+01 4.7045E+01
 1.4100E+00 5.2896E+01 4.7104E+01
 1.4200E+00 5.2838E+01 4.7162E+01
 1.4300E+00 5.2782E+01 4.7218E+01
 1.4400E+00 5.2726E+01 4.7274E+01
 1.4500E+00 5.2671E+01 4.7329E+01
 1.4600E+00 5.2618E+01 4.7382E+01
 1.4700E+00 5.2566E+01 4.7434E+01
 1.4800E+00 5.2514E+01 4.7486E+01
 1.4900E+00 5.2464E+01 4.7536E+01
 1.5000E+00 5.2415E+01 4.7585E+01
 1.5100E+00 5.2367E+01 4.7633E+01
 1.5200E+00 5.2319E+01 4.7681E+01
 1.5300E+00 5.2273E+01 4.7727E+01
 1.5400E+00 5.2227E+01 4.7773E+01
 1.5500E+00 5.2183E+01 4.7817E+01
 1.5600E+00 5.2139E+01 4.7861E+01
 1.5700E+00 5.2096E+01 4.7904E+01
 1.5800E+00 5.2054E+01 4.7946E+01
 1.5900E+00 5.2013E+01 4.7987E+01
 1.6000E+00 5.1973E+01 4.8027E+01
 1.6100E+00 5.1934E+01 4.8066E+01
 1.6200E+00 5.1895E+01 4.8105E+01
 1.6300E+00 5.1857E+01 4.8143E+01
 1.6400E+00 5.1820E+01 4.8180E+01
 1.6500E+00 5.1783E+01 4.8217E+01
 1.6600E+00 5.1748E+01 4.8252E+01
 1.6700E+00 5.1713E+01 4.8287E+01
 1.6800E+00 5.1679E+01 4.8321E+01
 1.6900E+00 5.1645E+01 4.8355E+01
 1.7000E+00 5.1612E+01 4.8388E+01
 1.7100E+00 5.1580E+01 4.8420E+01
 1.7200E+00 5.1548E+01 4.8452E+01
 1.7300E+00 5.1517E+01 4.8483E+01
 1.7400E+00 5.1487E+01 4.8513E+01
 1.7500E+00 5.1457E+01 4.8543E+01
 1.7600E+00 5.1428E+01 4.8572E+01
 1.7700E+00 5.1400E+01 4.8600E+01
 1.7800E+00 5.1372E+01 4.8628E+01
 1.7900E+00 5.1344E+01 4.8656E+01
 1.8000E+00 5.1317E+01 4.8683E+01
 1.8100E+00 5.1291E+01 4.8709E+01
 1.8200E+00 5.1265E+01 4.8735E+01
 1.8300E+00 5.1240E+01 4.8760E+01
 1.8400E+00 5.1215E+01 4.8785E+01
 1.8500E+00 5.1191E+01 4.8809E+01
 1.8600E+00 5.1167E+01 4.8833E+01
 1.8700E+00 5.1144E+01 4.8856E+01
 1.8800E+00 5.1121E+01 4.8879E+01
 1.8900E+00 5.1098E+01 4.8902E+01
 1.9000E+00 5.1076E+01 4.8924E+01
 1.9100E+00 5.1055E+01 4.8945E+01
 1.9200E+00 5.1034E+01 4.8966E+01
 1.9300E+00 5.1013E+01 4.8987E+01
 1.9400E+00 5.0993E+01 4.9007E+01
 1.9500E+00 5.0973E+01 4.9027E+01
 1.9600E+00 5.0953E+01 4.9047E+01
 1.9700E+00 5.0934E+01 4.9066E+01
 1.9800E+00 5.0916E+01 4.9084E+01
 1.9900E+00 5.0897E+01 4.9103E+01
 2.0000E+00 5.0879E+01 4.9121E+01
 2.0100E+00 5.0862E+01 4.9138E+01
 2.0200E+00 5.0845E+01 4.9155E+01
 2.0300E+00 5.0828E+01 4.9172E+01
 2.0400E+00 5.0811E+01 4.9189E+01
 2.0500E+00 5.0795E+01 4.9205E+01
 2.0600E+00 5.0779E+01 4.9221E+01
 2.0700E+00 5.0763E+01 4.9237E+01
 2.0800E+00 5.0748E+01 4.9252E+01
 2.0900E+00 5.0733E+01 4.9267E+01
 2.1000E+00 5.0719E+01 4.9281E+01
 2.1100E+00 5.0704E+01 4.9296E+01
 2.1200E+00 5.0690E+01 4.9310E+01
 2.1300E+00 5.0676E+01 4.9324E+01
 2.1400E+00 5.0663E+01 4.9337E+01
 2.1500E+00 5.0649E+01 4.9351E+01
 2.1600E+00 5.0637E+01 4.9363E+01
 2.1700E+00 5.0624E+01 4.9376E+01
 2.1800E+00 5.0611E+01 4.9389E+01
 2.1900E+00 5.0599E+01 4.9401E+01
 2.2000E+00 5.0587E+01 4.9413E+01
 2.2100E+00 5.0575E+01 4.9425E+01
 2.2200E+00 5.0564E+01 4.9436E+01
 2.2300E+00 5.0553E+01 4.9447E+01
 2.2400E+00 5.0542E+01 4.9458E+01
 2.2500E+00 5.0531E+01 4.9469E+01
 2.2600E+00 5.0520E+01 4.9480E+01
 2.2700E+00 5.0510E+01 4.9490E+01
 2.2800E+00 5.0499E+01 4.9501E+01
 2.2900E+00 5.0489E+01 4.9511E+01
 2.3000E+00 5.0480E+01 4.9520E+01
 2.3100E+00 5.0470E+01 4.9530E+01
 2.3200E+00 5.0461E+01 4.9539E+01
 2.3300E+00 5.0451E+01 4.9549E+01
 2.3400E+00 5.0442E+01 4.9558E+01
 2.3500E+00 5.0434E+01 4.9566E+01
 2.3600E+00 5.0425E+01 4.9575E+01
 2.3700E+00 5.0416E+01 4.9584E+01
 2.3800E+00 5.0408E+01 4.9592E+01
 2.3900E+00 5.0400E+01 4.9600E+01
 2.4000E+00 5.0392E+01 4.9608E+01
 2.4100E+00 5.0384E+01 4.9616E+01
 2.4200E+00 5.0376E+01 4.9624E+01
 2.4300E+00 5.0369E+01 4.9631E+01
 2.4400E+00 5.0362E+01 4.9638E+01
 2.4500E+00 5.0354E+01 4.9646E+01
 2.4600E+00 5.0347E+01 4.9653E+01
 2.4700E+00 5.0340E+01 4.9660E+01
 2.4800E+00 5.0333E+01 4.9667E+01
 2.4900E+00 5.0327E+01 4.9673E+01
 2.5000E+00 5.0320E+01 4.9680E+01
 2.5100E+00 5.0314E+01 4.9686E+01
 2.5200E+00 5.0308E+01 4.9692E+01
 2.5300E+00 5.0301E+01 4.9699E+01
 2.5400E+00 5.0295E+01 4.9705E+01
 2.5500E+00 5.0289E+01 4.9711E+01
 2.5600E+00 5.0284E+01 4.9716E+01
 2.5700E+00 5.0278E+01 4.9722E+01
 2.5800E+00 5.0272E+01 4.9728E+01
 2.5900E+00 5.0267E+01 4.9733E+01
 2.6000E+00 5.0262E+01 4.9738E+01
 2.6100E+00 5.0256E+01 4.9744E+01
 2.6200E+00 5.0251E+01 4.9749E+01
 2.6300E+00 5.0246E+01 4.9754E+01
 2.6400E+00 5.0241E+01 4.9759E+01
 2.6500E+00 5.0237E+01 4.9763E+01
 2.6600E+00 5.0232E+01 4.9768E+01
 2.6700E+00 5.0227E+01 4.9773E+01
 2.6800E+00 5.0223E+01 4.9777E+01
 2.6900E+00 5.0218E+01 4.9782E+01
 2.7000E+00 5.0214E+01 4.9786E+01
 2.7100E+00 5.0210E+01 4.9790E+01
 2.7200E+00 5.0205E+01 4.9795E+01
 2.7300E+00 5.0201E+01 4.9799E+01
 2.7400E+00 5.0197E+01 4.9803E+01
 2.7500E+00 5.0193E+01 4.9807E+01
 2.7600E+00 5.0189E+01 4.9811E+01
 2.7700E+00 5.0186E+01 4.9814E+01
 2.7800E+00 5.0182E+01 4.9818E+01
 2.7900E+00 5.0178E+01 4.9822E+01
 2.8000E+00 5.0175E+01 4.9825E+01
 2.8100E+00 5.0171E+01 4.9829E+01
 2.8200E+00 5.0168E+01 4.9832E+01
 2.8300E+00 5.0164E+01 4.9836E+01
 2.8400E+00 5.0161E+01 4.9839E+01
 2.8500E+00 5.0158E+01 4.9842E+01
 2.8600E+00 5.0155E+01 4.9845E+01
 2.8700E+00 5.0152E+01 4.9848E+01
 2.8800E+00 5.0149E+01 4.9851E+01
 2.8900E+00 5.0146E+01 4.9854E+01
 2.9000E+00 5.0143E+01 4.9857E+01
 2.9100E+00 5.0140E+01 4.9860E+01
 2.9200E+00 5.0137E+01 4.9863E+01
 2.9300E+00 5.0134E+01 4.9866E+01
 2.9400E+00 5.0132E+01 4.9868E+01
 2.9500E+00 5.0129E+01 4.9871E+01
 2.9600E+00 5.0126E+01 4.9874E+01
 2.9700E+00 5.0124E+01 4.9876E+01
 2.9800E+00 5.0121E+01 4.9879E+01
 2.9900E+00 5.0119E+01 4.9881E+01
 3.0000E+00 5.0117E+01 4.9883E+01
 3.0100E+00 5.0114E+01 4.9886E+01
 3.0200E+00 5.0112E+01 4.9888E+01
 3.0300E+00 5.0110E+01 4.9890E+01
 3.0400E+00 5.0108E+01 4.9892E+01
 3.0500E+00 5.0105E+01 4.9895E+01
 3.0600E+00 5.0103E+01 4.9897E+01
 3.0700E+00 5.0101E+01 4.9899E+01
 3.0800E+00 5.0099E+01 4.9901E+01
 3.0900E+00 5.0097E+01 4.9903E+01
 3.1000E+00 5.0095E+01 4.9905E+01
 3.1100E+00 5.0093E+01 4.9907E+01
 3.1200E+00 5.0092E+01 4.9908E+01
 3.1300E+00 5.0090E+01 4.9910E+01
 3.1400E+00 5.0088E+01 4.9912E+01
 3.1500E+00 5.0086E+01 4.9914E+01
 3.1600E+00 5.0084E+01 4.9916E+01
 3.1700E+00 5.0083E+01 4.9917E+01
 3.1800E+00 5.0081E+01 4.9919E+01
 3.1900E+00 5.0079E+01 4.9921E+01
 3.2000E+00 5.0078E+01 4.9922E+01
 3.2100E+00 5.0076E+01 4.9924E+01
 3.2200E+00 5.0075E+01 4.9925E+01
 3.2300E+00 5.0073E+01 4.9927E+01
 3.2400E+00 5.0072E+01 4.9928E+01
 3.2500E+00 5.0070E+01 4.9930E+01
 3.2600E+00 5.0069E+01 4.9931E+01
 3.2700E+00 5.0068E+01 4.9932E+01
 3.2800E+00 5.0066E+01 4.9934E+01
 3.2900E+00 5.0065E+01 4.9935E+01
 3.3000E+00 5.0064E+01 4.9936E+01
 3.3100E+00 5.0062E+01 4.9938E+01
 3.3200E+00 5.0061E+01 4.9939E+01
 3.3300E+00 5.0060E+01 4.9940E+01
 3.3400E+00 5.0059E+01 4.9941E+01
 3.3500E+00 5.0058E+01 4.9942E+01
 3.3600E+00 5.0056E+01 4.9944E+01
 3.3700E+00 5.0055E+01 4.9945E+01
 3.3800E+00 5.0054E+01 4.9946E+01
 3.3900E+00 5.0053E+01 4.9947E+01
 3.4000E+00 5.0052E+01 4.9948E+01
 3.4100E+00 5.0051E+01 4.9949E+01
 3.4200E+00 5.0050E+01 4.9950E+01
 3.4300E+00 5.0049E+01 4.9951E+01
 3.4400E+00 5.0048E+01 4.9952E+01
 3.4500E+00 5.0047E+01 4.9953E+01
 3.4600E+00 5.0046E+01 4.9954E+01
 3.4700E+00 5.0045E+01 4.9955E+01
 3.4800E+00 5.0044E+01 4.9956E+01
 3.4900E+00 5.0043E+01 4.9957E+01
 3.5000E+00 5.0042E+01 4.9958E+01
 3.5100E+00 5.0042E+01 4.9958E+01
 3.5200E+00 5.0041E+01 4.9959E+01
 3.5300E+00 5.0040E+01 4.9960E+01
 3.5400E+00 5.0039E+01 4.9961E+01
 3.5500E+00 5.0038E+01 4.9962E+01
 3.5600E+00 5.0038E+01 4.9962E+01
 3.5700E+00 5.0037E+01 4.9963E+01
 3.5800E+00 5.0036E+01 4.9964E+01
 3.5900E+00 5.0035E+01 4.9965E+01
 3.6000E+00 5.0035E+01 4.9965E+01
 3.6100E+00 5.0034E+01 4.9966E+01
 3.6200E+00 5.0033E+01 4.9967E+01
 3.6300E+00 5.0033E+01 4.9967E+01
 3.6400E+00 5.0032E+01 4.9968E+01
 3.6500E+00 5.0031E+01 4.9969E+01
 3.6600E+00 5.0031E+01 4.9969E+01
 3.6700E+00 5.0030E+01 4.9970E+01
 3.6800E+00 5.0030E+01 4.9970E+01
 3.6900E+00 5.0029E+01 4.9971E+01
 3.7000E+00 5.0028E+01 4.9972E+01
 3.7100E+00 5.0028E+01 4.9972E+01
 3.7200E+00 5.0027E+01 4.9973E+01
 3.7300E+00 5.0027E+01 4.9973E+01
 3.7400E+00 5.0026E+01 4.9974E+01
 3.7500E+00 5.0026E+01 4.9974E+01
 3.7600E+00 5.0025E+01 4.9975E+01
 3.7700E+00 5.0025E+01 4.9975E+01
 3.7800E+00 5.0024E+01 4.9976E+01
 3.7900E+00 5.0024E+01 4.9976E+01
 3.8000E+00 5.0023E+01 4.9977E+01
 3.8100E+00 5.0023E+01 4.9977E+01
 3.8200E+00 5.0022E+01 4.9978E+01
 3.8300E+00 5.0022E+01 4.9978E+01
 3.8400E+00 5.0021E+01 4.9979E+01
 3.8500E+00 5.0021E+01 4.9979E+01
 3.8600E+00 5.0021E+01 4.9979E+01
 3.8700E+00 5.0020E+01 4.9980E+01
 3.8800E+00 5.0020E+01 4.9980E+01
 3.8900E+00 5.0019E+01 4.9981E+01
 3.9000E+00 5.0019E+01 4.9981E+01
 3.9100E+00 5.0019E+01 4.9981E+01
 3.9200E+00 5.0018E+01 4.9982E+01
 3.9300E+00 5.0018E+01 4.9982E+01
 3.9400E+00 5.0017E+01 4.9983E+01
 3.9500E+00 5.0017E+01 4.9983E+01
 3.9600E+00 5.0017E+01 4.9983E+01
 3.9700E+00 5.0016E+01 4.9984E+01
 3.9800E+00 5.0016E+01 4.9984E+01
 3.9900E+00 5.0016E+01 4.9984E+01
 4.0000E+00 5.0015E+01 4.9985E+01
 4.0100E+00 5.0015E+01 4.9985E+01
 4.0200E+00 5.0015E+01 4.9985E+01
 4.0300E+00 5.0015E+01 4.9985E+01
 4.0400E+00 5.0014E+01 4.9986E+01
 4.0500E+00 5.0014E+01 4.9986E+01
 4.0600E+00 5.0014E+01 4.9986E+01
 4.0700E+00 5.0013E+01 4.9987E+01
 4.0800E+00 5.0013E+01 4.9987E+01
 4.0900E+00 5.0013E+01 4.9987E+01
 4.1000E+00 5.0013E+01 4.9987E+01
 4.1100E+00 5.0012E+01 4.9988E+01
 4.1200E+00 5.0012E+01 4.9988E+01
 4.1300E+00 5.0012E+01 4.9988E+01
 4.1400E+00 5.0012E+01 4.9988E+01
 4.1500E+00 5.0011E+01 4.9989E+01
 4.1600E+00 5.0011E+01 4.9989E+01
 4.1700E+00 5.0011E+01 4.9989E+01
 4.1800E+00 5.0011E+01 4.9989E+01
 4.1900E+00 5.0011E+01 4.9989E+01
 4.2000E+00 5.0010E+01 4.9990E+01
 4.2100E+00 5.0010E+01 4.9990E+01
 4.2200E+00 5.0010E+01 4.9990E+01
 4.2300E+00 5.0010E+01 4.9990E+01
 4.2400E+00 5.0010E+01 4.9990E+01
 4.2500E+00 5.0009E+01 4.9991E+01
 4.2600E+00 5.0009E+01 4.9991E+01
 4.2700E+00 5.0009E+01 4.9991E+01
 4.2800E+00 5.0009E+01 4.9991E+01
 4.2900E+00 5.0009E+01 4.9991E+01
 4.3000E+00 5.0008E+01 4.9992E+01
 4.3100E+00 5.0008E+01 4.9992E+01
 4.3200E+00 5.0008E+01 4.9992E+01
 4.3300E+00 5.0008E+01 4.9992E+01
 4.3400E+00 5.0008E+01 4.9992E+01
 4.3500E+00 5.0008E+01 4.9992E+01
 4.3600E+00 5.0007E+01 4.9993E+01
 4.3700E+00 5.0007E+01 4.9993E+01
 4.3800E+00 5.0007E+01 4.9993E+01
 4.3900E+00 5.0007E+01 4.9993E+01
 4.4000E+00 5.0007E+01 4.9993E+01
 4.4100E+00 5.0007E+01 4.9993E+01
 4.4200E+00 5.0007E+01 4.9993E+01
 4.4300E+00 5.0006E+01 4.9994E+01
 4.4400E+00 5.0006E+01 4.9994E+01
 4.4500E+00 5.0006E+01 4.9994E+01
 4.4600E+00 5.0006E+01 4.9994E+01
 4.4700E+00 5.0006E+01 4.9994E+01
 4.4800E+00 5.0006E+01 4.9994E+01
 4.4900E+00 5.0006E+01 4.9994E+01
 4.5000E+00 5.0006E+01 4.9994E+01
 4.5100E+00 5.0006E+01 4.9994E+01
 4.5200E+00 5.0005E+01 4.9995E+01
 4.5300E+00 5.0005E+01 4.9995E+01
 4.5400E+00 5.0005E+01 4.9995E+01
 4.5500E+00 5.0005E+01 4.9995E+01
 4.5600E+00 5.0005E+01 4.9995E+01
 4.5700E+00 5.0005E+01 4.9995E+01
 4.5800E+00 5.0005E+01 4.9995E+01
 4.5900E+00 5.0005E+01 4.9995E+01
 4.6000E+00 5.0005E+01 4.9995E+01
 4.6100E+00 5.0005E+01 4.9995E+01
 4.6200E+00 5.0004E+01 4.9996E+01
 4.6300E+00 5.0004E+01 4.9996E+01
 4.6400E+00 5.0004E+01 4.9996E+01
 4.6500E+00 5.0004E+01 4.9996E+01
 4.6600E+00 5.0004E+01 4.9996E+01
 4.6700E+00 5.0004E+01 4.9996E+01
 4.6800E+00 5.0004E+01 4.9996E+01
 4.6900E+00 5.0004E+01 4.9996E+01
 4.7000E+00 5.0004E+01 4.9996E+01
 4.7100E+00 5.0004E+01 4.9996E+01
 4.7200E+00 5.0004E+01 4.9996E+01
 4.7300E+00 5.0004E+01 4.9996E+01
 4.7400E+00 5.0003E+01 4.9997E+01
 4.7500E+00 5.0003E+01 4.9997E+01
 4.7600E+00 5.0003E+01 4.9997E+01
 4.7700E+00 5.0003E+01 4.9997E+01
 4.7800E+00 5.0003E+01 4.9997E+01
 4.7900E+00 5.0003E+01 4.9997E+01
 4.8000E+00 5.0003E+01 4.9997E+01
 4.8100E+00 5.0003E+01 4.9997E+01
 4.8200E+00 5.0003E+01 4.9997E+01
 4.8300E+00 5.0003E+01 4.9997E+01
 4.8400E+00 5.0003E+01 4.9997E+01
 4.8500E+00 5.0003E+01 4.9997E+01
 4.8600E+00 5.0003E+01 4.9997E+01
 4.8700E+00 5.0003E+01 4.9997E+01
 4.8800E+00 5.0003E+01 4.9997E+01
 4.8900E+00 5.0003E+01 4.9997E+01
 4.9000E+00 5.0003E+01 4.9997E+01
 4.9100E+00 5.0002E+01 4.9998E+01
 4.9200E+00 5.0002E+01 4.9998E+01
 4.9300E+00 5.0002E+01 4.9998E+01
 4.9400E+00 5.0002E+01 4.9998E+01
 4.9500E+00 5.0002E+01 4.9998E+01
 4.9600E+00 5.0002E+01 4.9998E+01
 4.9700E+00 5.0002E+01 4.9998E+01
 4.9800E+00 5.0002E+01 4.9998E+01
 4.9900E+00 5.0002E+01 4.9998E+01
 5.0000E+00 5.0002E+01 4.9998E+01
 5.0100E+00 5.0002E+01 4.9998E+01
 5.0200E+00 5.0002E+01 4.9998E+01
 5.0300E+00 5.0002E+01 4.9998E+01
 5.0400E+00 5.0002E+01 4.9998E+01
 5.0500E+00 5.0002E+01 4.9998E+01
 5.0600E+00 5.0002E+01 4.9998E+01
 5.0700E+00 5.0002E+01 4.9998E+01
 5.0800E+00 5.0002E+01 4.9998E+01
 5.0900E+00 5.0002E+01 4.9998E+01
 5.1000E+00 5.0002E+01 4.9998E+01
 5.1100E+00 5.0002E+01 4.9998E+01
 5.1200E+00 5.0002E+01 4.9998E+01
 5.1300E+00 5.0002E+01 4.9998E+01
 5.1400E+00 5.0002E+01 4.9998E+01
 5.1500E+00 5.0002E+01 4.9998E+01
 5.1600E+00 5.0001E+01 4.9999E+01
 5.1700E+00 5.0001E+01 4.9999E+01
 5.1800E+00 5.0001E+01 4.9999E+01
 5.1900E+00 5.0001E+01 4.9999E+01
 5.2000E+00 5.0001E+01 4.9999E+01
 5.2100E+00 5.0001E+01 4.9999E+01
 5.2200E+00 5.0001E+01 4.9999E+01
 5.2300E+00 5.0001E+01 4.9999E+01
 5.2400E+00 5.0001E+01 4.9999E+01
 5.2500E+00 5.0001E+01 4.9999E+01
 5.2600E+00 5.0001E+01 4.9999E+01
 5.2700E+00 5.0001E+01 4.9999E+01
 5.2800E+00 5.0001E+01 4.9999E+01
 5.2900E+00 5.0001E+01 4.9999E+01
 5.3000E+00 5.0001E+01 4.9999E+01
 5.3100E+00 5.0001E+01 4.9999E+01
 5.3200E+00 5.0001E+01 4.9999E+01
 5.3300E+00 5.0001E+01 4.9999E+01
 5.3400E+00 5.0001E+01 4.9999E+01
 5.3500E+00 5.0001E+01 4.9999E+01
 5.3600E+00 5.0001E+01 4.9999E+01
 5.3700E+00 5.0001E+01 4.9999E+01
 5.3800E+00 5.0001E+01 4.9999E+01
 5.3900E+00 5.0001E+01 4.9999E+01
 5.4000E+00 5.0001E+01 4.9999E+01
 5.4100E+00 5.0001E+01 4.9999E+01
 5.4200E+00 5.0001E+01 4.9999E+01
 5.4300E+00 5.0001E+01 4.9999E+01
 5.4400E+00 5.0001E+01 4.9999E+01
 5.4500E+00 5.0001E+01 4.9999E+01
 5.4600E+00 5.0001E+01 4.9999E+01
 5.4700E+00 5.0001E+01 4.9999E+01
 5.4800E+00 5.0001E+01 4.9999E+01
 5.4900E+00 5.0001E+01 4.9999E+01
 5.5000E+00 5.0001E+01 4.9999E+01
 5.5100E+00 5.0001E+01 4.9999E+01
 5.5200E+00 5.0001E+01 4.9999E+01
 5.5300E+00 5.0001E+01 4.9999E+01
 5.5400E+00 5.0001E+01 4.9999E+01
 5.5500E+00 5.0001E+01 4.9999E+01
 5.5600E+00 5.0001E+01 4.9999E+01
 5.5700E+00 5.0001E+01 4.9999E+01
 5.5800E+00 5.0001E+01 4.9999E+01
 5.5900E+00 5.0001E+01 4.9999E+01
 5.6000E+00 5.0001E+01 4.9999E+01
 5.6100E+00 5.0001E+01 4.9999E+01
 5.6200E+00 5.0001E+01 4.9999E+01
 5.6300E+00 5.0001E+01 4.9999E+01
 5.6400E+00 5.0001E+01 4.9999E+01
 5.6500E+00 5.0001E+01 4.9999E+01
 5.6600E+00 5.0001E+01 4.9999E+01
 5.6700E+00 5.0001E+01 4.9999E+01
 5.6800E+00 5.0001E+01 4.9999E+01
 5.6900E+00 5.0001E+01 4.9999E+01
 5.7000E+00 5.0000E+01 5.0000E+01
 5.7100E+00 5.0000E+01 5.0000E+01
 5.7200E+00 5.0000E+01 5.0000E+01
 5.7300E+00 5.0000E+01 5.0000E+01
 5.7400E+00 5.0000E+01 5.0000E+01
 5.7500E+00 5.0000E+01 5.0000E+01
 5.7600E+00 5.0000E+01 5.0000E+01
 5.7700E+00 5.0000E+01 5.0000E+01
 5.7800E+00 5.0000E+01 5.0000E+01
 5.7900E+00 5.0000E+01 5.0000E+01
 5.8000E+00 5.0000E+01 5.0000E+01
 5.8100E+00 5.0000E+01 5.0000E+01
 5.8200E+00 5.0000E+01 5.0000E+01
 5.8300E+00 5.0000E+01 5.0000E+01
 5.8400E+00 5.0000E+01 5.0000E+01
 5.8500E+00 5.0000E+01 5.0000E+01
 5.8600E+00 5.0000E+01 5.0000E+01
 5.8700E+00 5.0000E+01 5.0000E+01
 5.8800E+00 5.0000E+01 5.0000E+01
 5.8900E+00 5.0000E+01 5.0000E+01
 5.9000E+00 5.0000E+01 5.0000E+01
 5.9100E+00 5.0000E+01 5.0000E+01
 5.9200E+00 5.0000E+01 5.0000E+01
 5.9300E+00 5.0000E+01 5.0000E+01
 5.9400E+00 5.0000E+01 5.0000E+01
 5.9500E+00 5.0000E+01 5.0000E+01
 5.9600E+00 5.0000E+01 5.0000E+01
 5.9700E+00 5.0000E+01 5.0000E+01
 5.9800E+00 5.0000E+01 5.0000E+01
 5.9900E+00 5.0000E+01 5.0000E+01
 6.0000E+00 5.0000E+01 5.0000E+01
 6.0100E+00 5.0000E+01 5.0000E+01
 6.0200E+00 5.0000E+01 5.0000E+01
 6.0300E+00 5.0000E+01 5.0000E+01
 6.0400E+00 5.0000E+01 5.0000E+01
 6.0500E+00 5.0000E+01 5.0000E+01
 6.0600E+00 5.0000E+01 5.0000E+01
 6.0700E+00 5.0000E+01 5.0000E+01
 6.0800E+00 5.0000E+01 5.0000E+01
 6.0900E+00 5.0000E+01 5.0000E+01
 6.1000E+00 5.0000E+01 5.0000E+01
 6.1100E+00 5.0000E+01 5.0000E+01
 6.1200E+00 5.0000E+01 5.0000E+01
 6.1300E+00 5.0000E+01 5.0000E+01
 6.1400E+00 5.0000E+01 5.0000E+01
 6.1500E+00 5.0000E+01 5.0000E+01
 6.1600E+00 5.0000E+01 5.0000E+01
 6.1700E+00 5.0000E+01 5.0000E+01
 6.1800E+00 5.0000E+01 5.0000E+01
 6.1900E+00 5.0000E+01 5.0000E+01
 6.2000E+00 5.0000E+01 5.0000E+01
 6.2100E+00 5.0000E+01 5.0000E+01
 6.2200E+00 5.0000E+01 5.0000E+01
 6.2300E+00 5.0000E+01 5.0000E+01
 6.2400E+00 5.0000E+01 5.0000E+01
 6.2500E+00 5.0000E+01 5.0000E+01
 6.2600E+00 5.0000E+01 5.0000E+01
 6.2700E+00 5.0000E+01 5.0000E+01
 6.2800E+00 5.0000E+01 5.0000E+01
 6.2900E+00 5.0000E+01 5.0000E+01
 6.3000E+00 5.0000E+01 5.0000E+01
 6.3100E+00 5.0000E+01 5.0000E+01
 6.3200E+00 5.0000E+01 5.0000E+01
 6.3300E+00 5.0000E+01 5.0000E+01
 6.3400E+00 5.0000E+01 5.0000E+01
 6.3500E+00 5.0000E+01 5.0000E+01
 6.3600E+00 5.0000E+01 5.0000E+01
 6.3700E+00 5.0000E+01 5.0000E+01
 6.3800E+00 5.0000E+01 5.0000E+01
 6.3900E+00 5.0000E+01 5.0000E+01
 6.4000E+00 5.0000E+01 5.0000E+01
 6.4100E+00 5.0000E+01 5.0000E+01
 6.4200E+00 5.0000E+01 5.0000E+01
 6.4300E+00 5.0000E+01 5.0000E+01
 6.4400E+00 5.0000E+01 5.0000E+01
 6.4500E+00 5.0000E+01 5.0000E+01
 6.4600E+00 5.0000E+01 5.0000E+01
 6.4700E+00 5.0000E+01 5.0000E+01
 6.4800E+00 5.0000E+01 5.0000E+01
 6.4900E+00 5.0000E+01 5.0000E+01
 6.5000E+00 5.0000E+01 5.0000E+01
 6.5100E+00 5.0000E+01 5.0000E+01
 6.5200E+00 5.0000E+01 5.0000E+01
 6.5300E+00 5.0000E+01 5.0000E+01
 6.5400E+00 5.0000E+01 5.0000E+01
 6.5500E+00 5.0000E+01 5.0000E+01
 6.5600E+00 5.0000E+01 5.0000E+01
 6.5700E+00 5.0000E+01 5.0000E+01
 6.5800E+00 5.0000E+01 5.0000E+01
 6.5900E+00 5.0000E+01 5.0000E+01
 6.6000E+00 5.0000E+01 5.0000E+01
 6.6100E+00 5.0000E+01 5.0000E+01
 6.6200E+00 5.0000E+01 5.0000E+01
 6.6300E+00 5.0000E+01 5.0000E+01
 6.6400E+00 5.0000E+01 5.0000E+01
 6.6500E+00 5.0000E+01 5.0000E+01
 6.6600E+00 5.0000E+01 5.0000E+01
 6.6700E+00 5.0000E+01 5.0000E+01
 6.6800E+00 5.0000E+01 5.0000E+01
 6.6900E+00 5.0000E+01 5.0000E+01
 6.7000E+00 5.0000E+01 5.0000E+01
 6.7100E+00 5.0000E+01 5.0000E+01
 6.7200E+00 5.0000E+01 5.0000E+01
 6.7300E+00 5.0000E+01 5.0000E+01
 6.7400E+00 5.0000E+01 5.0000E+01
 6.7500E+00 5.0000E+01 5.0000E+01
 6.7600E+00 5.0000E+01 5.0000E+01
 6.7700E+00 5.0000E+01 5.0000E+01
 6.7800E+00 5.0000E+01 5.0000E+01
 6.7900E+00 5.0000E+01 5.0000E+01
 6.8000E+00 5.0000E+01 5.0000E+01
 6.8100E+00 5.0000E+01 5.0000E+01
 6.8200E+00 5.0000E+01 5.0000E+01
 6.8300E+00 5.0000E+01 5.0000E+01
 6.8400E+00 5.0000E+01 5.0000E+01
 6.8500E+00 5.0000E+01 5.0000E+01
 6.8600E+00 5.0000E+01 5.0000E+01
 6.8700E+00 5.0000E+01 5.0000E+01
 6.8800E+00 5.0000E+01 5.0000E+01
 6.8900E+00 5.0000E+01 5.0000E+01
 6.9000E+00 5.0000E+01 5.0000E+01
 6.9100E+00 5.0000E+01 5.0000E+01
 6.9200E+00 5.0000E+01 5.0000E+01
 6.9300E+00 5.0000E+01 5.0000E+01
 6.9400E+00 5.0000E+01 5.0000E+01
 6.9500E+00 5.0000E+01 5.0000E+01
 6.9600E+00 5.0000E+01 5.0000E+01
 6.9700E+00 5.0000E+01 5.0000E+01
 6.9800E+00 5.0000E+01 5.0000E+01
 6.9900E+00 5.0000E+01 5.0000E+01
 7.0000E+00 5.0000E+01 5.0000E+01
 7.0100E+00 5.0000E+01 5.0000E+01
 7.0200E+00 5.0000E+01 5.0000E+01
 7.0300E+00 5.0000E+01 5.0000E+01
 7.0400E+00 5.0000E+01 5.0000E+01
 7.0500E+00 5.0000E+01 5.0000E+01
 7.0600E+00 5.0000E+01 5.0000E+01
 7.0700E+00 5.0000E+01 5.0000E+01
 7.0800E+00 5.0000E+01 5.0000E+01
 7.0900E+00 5.0000E+01 5.0000E+01
 7.1000E+00 5.0000E+01 5.0000E+01
 7.1100E+00 5.0000E+01 5.0000E+01
 7.1200E+00 5.0000E+01 5.0000E+01
 7.1300E+00 5.0000E+01 5.0000E+01
 7.1400E+00 5.0000E+01 5.0000E+01
 7.1500E+00 5.0000E+01 5.0000E+01
 7.1600E+00 5.0000E+01 5.0000E+01
 7.1700E+00 5.0000E+01 5.0000E+01
 7.1800E+00 5.0000E+01 5.0000E+01
 7.1900E+00 5.0000E+01 5.0000E+01
 7.2000E+00 5.0000E+01 5.0000E+01
 7.2100E+00 5.0000E+01 5.0000E+01
 7.2200E+00 5.0000E+01 5.0000E+01
 7.2300E+00 5.0000E+01 5.0000E+01
 7.2400E+00 5.0000E+01 5.0000E+01
 7.2500E+00 5.0000E+01 5.0000E+01
 7.2600E+00 5.0000E+01 5.0000E+01
 7.2700E+00 5.0000E+01 5.0000E+01
 7.2800E+00 5.0000E+01 5.0000E+01
 7.2900E+00 5.0000E+01 5.0000E+01
 7.3000E+00 5.0000E+01 5.0000E+01
 7.3100E+00 5.0000E+01 5.0000E+01
 7.3200E+00 5.0000E+01 5.0000E+01
 7.3300E+00 5.0000E+01 5.0000E+01
 7.3400E+00 5.0000E+01 5.0000E+01
 7.3500E+00 5.0000E+01 5.0000E+01
 7.3600E+00 5.0000E+01 5.0000E+01
 7.3700E+00 5.0000E+01 5.0000E+01
 7.3800E+00 5.0000E+01 5.0000E+01
 7.3900E+00 5.0000E+01 5.0000E+01
 7.4000E+00 5.0000E+01 5.0000E+01
 7.4100E+00 5.0000E+01 5.0000E+01
 7.4200E+00 5.0000E+01 5.0000E+01
 7.4300E+00 5.0000E+01 5.0000E+01
 7.4400E+00 5.0000E+01 5.0000E+01
 7.4500E+00 5.0000E+01 5.0000E+01
 7.4600E+00 5.0000E+01 5.0000E+01
 7.4700E+00 5.0000E+01 5.0000E+01
 7.4800E+00 5.0000E+01 5.0000E+01
 7.4900E+00 5.0000E+01 5.0000E+01
 7.5000E+00 5.0000E+01 5.0000E+01
 7.5100E+00 5.0000E+01 5.0000E+01
 7.5200E+00 5.0000E+01 5.0000E+01
 7.5300E+00 5.0000E+01 5.0000E+01
 7.5400E+00 5.0000E+01 5.0000E+01
 7.5500E+00 5.0000E+01 5.0000E+01
 7.5600E+00 5.0000E+01 5.0000E+01
 7.5700E+00 5.0000E+01 5.0000E+01
 7.5800E+00 5.0000E+01 5.0000E+01
 7.5900E+00 5.0000E+01 5.0000E+01
 7.6000E+00 5.0000E+01 5.0000E+01
 7.6100E+00 5.0000E+01 5.0000E+01
 7.6200E+00 5.0000E+01 5.0000E+01
 7.6300E+00 5.0000E+01 5.0000E+01
 7.6400E+00 5.0000E+01 5.0000E+01
 7.6500E+00 5.0000E+01 5.0000E+01
 7.6600E+00 5.0000E+01 5.0000E+01
 7.6700E+00 5.0000E+01 5.0000E+01
 7.6800E+00 5.0000E+01 5.0000E+01
 7.6900E+00 5.0000E+01 5.0000E+01
 7.7000E+00 5.0000E+01 5.0000E+01
 7.7100E+00 5.0000E+01 5.0000E+01
 7.7200E+00 5.0000E+01 5.0000E+01
 7.7300E+00 5.0000E+01 5.0000E+01
 7.7400E+00 5.0000E+01 5.0000E+01
 7.7500E+00 5.0000E+01 5.0000E+01
 7.7600E+00 5.0000E+01 5.0000E+01
 7.7700E+00 5.0000E+01 5.0000E+01
 7.7800E+00 5.0000E+01 5.0000E+01
 7.7900E+00 5.0000E+01 5.0000E+01
 7.8000E+00 5.0000E+01 5.0000E+01
 7.8100E+00 5.0000E+01 5.0000E+01
 7.8200E+00 5.0000E+01 5.0000E+01
 7.8300E+00 5.0000E+01 5.0000E+01
 7.8400E+00 5.0000E+01 5.0000E+01
 7.8500E+00 5.0000E+01 5.0000E+01
 7.8600E+00 5.0000E+01 5.0000E+01
 7.8700E+00 5.0000E+01 5.0000E+01
 7.8800E+00 5.0000E+01 5.0000E+01
 7.8900E+00 5.0000E+01 5.0000E+01
 7.9000E+00 5.0000E+01 5.0000E+01
 7.9100E+00 5.0000E+01 5.0000E+01
 7.9200E+00 5.0000E+01 5.0000E+01
 7.9300E+00 5.0000E+01 5.0000E+01
 7.9400E+00 5.0000E+01 5.0000E+01
 7.9500E+00 5.0000E+01 5.0000E+01
 7.9600E+00 5.0000E+01 5.0000E+01
 7.9700E+00 5.0000E+01 5.0000E+01
 7.9800E+00 5.0000E+01 5.0000E+01
 7.9900E+00 5.0000E+01 5.0000E+01
 8.0000E+00 5.0000E+01 5.0000E+01
 8.0100E+00 5.0000E+01 5.0000E+01
 8.0200E+00 5.0000E+01 5.0000E+01
 8.0300E+00 5.0000E+01 5.0000E+01
 8.0400E+00 5.0000E+01 5.0000E+01
 8.0500E+00 5.0000E+01 5.0000E+01
 8.0600E+00 5.0000E+01 5.0000E+01
 8.0700E+00 5.0000E+01 5.0000E+01
 8.0800E+00 5.0000E+01 5.0000E+01
 8.0900E+00 5.0000E+01 5.0000E+01
 8.1000E+00 5.0000E+01 5.0000E+01
 8.1100E+00 5.0000E+01 5.0000E+01
 8.1200E+00 5.0000E+01 5.0000E+01
 8.1300E+00 5.0000E+01 5.0000E+01
 8.1400E+00 5.0000E+01 5.0000E+01
 8.1500E+00 5.0000E+01 5.0000E+01
 8.1600E+00 5.0000E+01 5.0000E+01
 8.1700E+00 5.0000E+01 5.0000E+01
 8.1800E+00 5.0000E+01 5.0000E+01
 8.1900E+00 5.0000E+01 5.0000E+01
 8.2000E+00 5.0000E+01 5.0000E+01
 8.2100E+00 5.0000E+01 5.0000E+01
 8.2200E+00 5.0000E+01 5.0000E+01
 8.2300E+00 5.0000E+01 5.0000E+01
 8.2400E+00 5.0000E+01 5.0000E+01
 8.2500E+00 5.0000E+01 5.0000E+01
 8.2600E+00 5.0000E+01 5.0000E+01
 8.2700E+00 5.0000E+01 5.0000E+01
 8.2800E+00 5.0000E+01 5.0000E+01
 8.2900E+00 5.0000E+01 5.0000E+01
 8.3000E+00 5.0000E+01 5.0000E+01
 8.3100E+00 5.0000E+01 5.0000E+01
 8.3200E+00 5.0000E+01 5.0000E+01
 8.3300E+00 5.0000E+01 5.0000E+01
 8.3400E+00 5.0000E+01 5.0000E+01
 8.3500E+00 5.0000E+01 5.0000E+01
 8.3600E+00 5.0000E+01 5.0000E+01
 8.3700E+00 5.0000E+01 5.0000E+01
 8.3800E+00 5.0000E+01 5.0000E+01
 8.3900E+00 5.0000E+01 5.0000E+01
 8.4000E+00 5.0000E+01 5.0000E+01
 8.4100E+00 5.0000E+01 5.0000E+01
 8.4200E+00 5.0000E+01 5.0000E+01
 8.4300E+00 5.0000E+01 5.0000E+01
 8.4400E+00 5.0000E+01 5.0000E+01
 8.4500E+00 5.0000E+01 5.0000E+01
 8.4600E+00 5.0000E+01 5.0000E+01
 8.4700E+00 5.0000E+01 5.0000E+01
 8.4800E+00 5.0000E+01 5.0000E+01
 8.4900E+00 5.0000E+01 5.0000E+01
 8.5000E+00 5.0000E+01 5.0000E+01
 8.5100E+00 5.0000E+01 5.0000E+01
 8.5200E+00 5.0000E+01 5.0000E+01
 8.5300E+00 5.0000E+01 5.0000E+01
 8.5400E+00 5.0000E+01 5.0000E+01
 8.5500E+00 5.0000E+01 5.0000E+01
 8.5600E+00 5.0000E+01 5.0000E+01
 8.5700E+00 5.0000E+01 5.0000E+01
 8.5800E+00 5.0000E+01 5.0000E+01
 8.5900E+00 5.0000E+01 5.0000E+01
 8.6000E+00 5.0000E+01 5.0000E+01
 8.6100E+00 5.0000E+01 5.0000E+01
 8.6200E+00 5.0000E+01 5.0000E+01
 8.6300E+00 5.0000E+01 5.0000E+01
 8.6400E+00 5.0000E+01 5.0000E+01
 8.6500E+00 5.0000E+01 5.0000E+01
 8.6600E+00 5.0000E+01 5.0000E+01
 8.6700E+00 5.0000E+01 5.0000E+01
 8.6800E+00 5.0000E+01 5.0000E+01
 8.6900E+00 5.0000E+01 5.0000E+01
 8.7000E+00 5.0000E+01 5.0000E+01
 8.7100E+00 5.0000E+01 5.0000E+01
 8.7200E+00 5.0000E+01 5.0000E+01
 8.7300E+00 5.0000E+01 5.0000E+01
 8.7400E+00 5.0000E+01 5.0000E+01
 8.7500E+00 5.0000E+01 5.0000E+01
 8.7600E+00 5.0000E+01 5.0000E+01
 8.7700E+00 5.0000E+01 5.0000E+01
 8.7800E+00 5.0000E+01 5.0000E+01
 8.7900E+00 5.0000E+01 5.0000E+01
 8.8000E+00 5.0000E+01 5.0000E+01
 8.8100E+00 5.0000E+01 5.0000E+01
 8.8200E+00 5.0000E+01 5.0000E+01
 8.8300E+00 5.0000E+01 5.0000E+01
 8.8400E+00 5.0000E+01 5.0000E+01
 8.8500E+00 5.0000E+01 5.0000E+01
 8.8600E+00 5.0000E+01 5.0000E+01
 8.8700E+00 5.0000E+01 5.0000E+01
 8.8800E+00 5.0000E+01 5.0000E+01
 8.8900E+00 5.0000E+01 5.0000E+01
 8.9000E+00 5.0000E+01 5.0000E+01
 8.9100E+00 5.0000E+01 5.0000E+01
 8.9200E+00 5.0000E+01 5.0000E+01
 8.9300E+00 5.0000E+01 5.0000E+01
 8.9400E+00 5.0000E+01 5.0000E+01
 8.9500E+00 5.0000E+01 5.0000E+01
 8.9600E+00 5.0000E+01 5.0000E+01
 8.9700E+00 5.0000E+01 5.0000E+01
 8.9800E+00 5.0000E+01 5.0000E+01
 8.9900E+00 5.0000E+01 5.0000E+01
 9.0000E+00 5.0000E+01 5.0000E+01
 9.0100E+00 5.0000E+01 5.0000E+01
 9.0200E+00 5.0000E+01 5.0000E+01
 9.0300E+00 5.0000E+01 5.0000E+01
 9.0400E+00 5.0000E+01 5.0000E+01
 9.0500E+00 5.0000E+01 5.0000E+01
 9.0600E+00 5.0000E+01 5.0000E+01
 9.0700E+00 5.0000E+01 5.0000E+01
 9.0800E+00 5.0000E+01 5.0000E+01
 9.0900E+00 5.0000E+01 5.0000E+01
 9.1000E+00 5.0000E+01 5.0000E+01
 9.1100E+00 5.0000E+01 5.0000E+01
 9.1200E+00 5.0000E+01 5.0000E+01
 9.1300E+00 5.0000E+01 5.0000E+01
 9.1400E+00 5.0000E+01 5.0000E+01
 9.1500E+00 5.0000E+01 5.0000E+01
 9.1600E+00 5.0000E+01 5.0000E+01
 9.1700E+00 5.0000E+01 5.0000E+01
 9.1800E+00 5.0000E+01 5.0000E+01
 9.1900E+00 5.0000E+01 5.0000E+01
 9.2000E+00 5.0000E+01 5.0000E+01
 9.2100E+00 5.0000E+01 5.0000E+01
 9.2200E+00 5.0000E+01 5.0000E+01
 9.2300E+00 5.0000E+01 5.0000E+01
 9.2400E+00 5.0000E+01 5.0000E+01
 9.2500E+00 5.0000E+01 5.0000E+01
 9.2600E+00 5.0000E+01 5.0000E+01
 9.2700E+00 5.0000E+01 5.0000E+01
 9.2800E+00 5.0000E+01 5.0000E+01
 9.2900E+00 5.0000E+01 5.0000E+01
 9.3000E+00 5.0000E+01 5.0000E+01
 9.3100E+00 5.0000E+01 5.0000E+01
 9.3200E+00 5.0000E+01 5.0000E+01
 9.3300E+00 5.0000E+01 5.0000E+01
 9.3400E+00 5.0000E+01 5.0000E+01
 9.3500E+00 5.0000E+01 5.0000E+01
 9.3600E+00 5.0000E+01 5.0000E+01
 9.3700E+00 5.0000E+01 5.0000E+01
 9.3800E+00 5.0000E+01 5.0000E+01
 9.3900E+00 5.0000E+01 5.0000E+01
 9.4000E+00 5.0000E+01 5.0000E+01
 9.4100E+00 5.0000E+01 5.0000E+01
 9.4200E+00 5.0000E+01 5.0000E+01
 9.4300E+00 5.0000E+01 5.0000E+01
 9.4400E+00 5.0000E+01 5.0000E+01
 9.4500E+00 5.0000E+01 5.0000E+01
 9.4600E+00 5.0000E+01 5.0000E+01
 9.4700E+00 5.0000E+01 5.0000E+01
 9.4800E+00 5.0000E+01 5.0000E+01
 9.4900E+00 5.0000E+01 5.0000E+01
 9.5000E+00 5.0000E+01 5.0000E+01
 9.5100E+00 5.0000E+01 5.0000E+01
 9.5200E+00 5.0000E+01 5.0000E+01
 9.5300E+00 5.0000E+01 5.0000E+01
 9.5400E+00 5.0000E+01 5.0000E+01
 9.5500E+00 5.0000E+01 5.0000E+01
 9.5600E+00 5.0000E+01 5.0000E+01
 9.5700E+00 5.0000E+01 5.0000E+01
 9.5800E+00 5.0000E+01 5.0000E+01
 9.5900E+00 5.0000E+01 5.0000E+01
 9.6000E+00 5.0000E+01 5.0000E+01
 9.6100E+00 5.0000E+01 5.0000E+01
 9.6200E+00 5.0000E+01 5.0000E+01
 9.6300E+00 5.0000E+01 5.0000E+01
 9.6400E+00 5.0000E+01 5.0000E+01
 9.6500E+00 5.0000E+01 5.0000E+01
 9.6600E+00 5.0000E+01 5.0000E+01
 9.6700E+00 5.0000E+01 5.0000E+01
 9.6800E+00 5.0000E+01 5.0000E+01
 9.6900E+00 5.0000E+01 5.0000E+01
 9.7000E+00 5.0000E+01 5.0000E+01
 9.7100E+00 5.0000E+01 5.0000E+01
 9.7200E+00 5.0000E+01 5.0000E+01
 9.7300E+00 5.0000E+01 5.0000E+01
 9.7400E+00 5.0000E+01 5.0000E+01
 9.7500E+00 5.0000E+01 5.0000E+01
 9.7600E+00 5.0000E+01 5.0000E+01
 9.7700E+00 5.0000E+01 5.0000E+01
 9.7800E+00 5.0000E+01 5.0000E+01
 9.7900E+00 5.0000E+01 5.0000E+01
 9.8000E+00 5.0000E+01 5.0000E+01
 9.8100E+00 5.0000E+01 5.0000E+01
 9.8200E+00 5.0000E+01 5.0000E+01
 9.8300E+00 5.0000E+01 5.0000E+01
 9.8400E+00 5.0000E+01 5.0000E+01
 9.8500E+00 5.0000E+01 5.0000E+01
 9.8600E+00 5.0000E+01 5.0000E+01
 9.8700E+00 5.0000E+01 5.0000E+01
 9.8800E+00 5.0000E+01 5.0000E+01
 9.8900E+00 5.0000E+01 5.0000E+01
 9.9000E+00 5.0000E+01 5.0000E+01
 9.9100E+00 5.0000E+01 5.0000E+01
 9.9200E+00 5.0000E+01 5.0000E+01
 9.9300E+00 5.0000E+01 5.0000E+01
 9.9400E+00 5.0000E+01 5.0000E+01
 9.9500E+00 5.0000E+01 5.0000E+01
 9.9600E+00 5.0000E+01 5.0000E+01
 9.9700E+00 5.0000E+01 5.0000E+01
 9.9800E+00 5.0000E+01 5.0000E+01
